name	n_hab_planets	n_stars	n_planets	declination	star_temperature	star_metallicity	star_radius	star_age	star_spec_type	star_mass	
11_Com	0	1	1	+17 47 34	4742.0	-0.35	19	NA	G8 III	2.7	
11_UMi	0	1	1	+71 49 26	4340.0	0.04	24.08	NA	K4III	1.8	
14_And	0	1	1	+39 14 10	4813.0	-0.24	11	NA	K0III	2.2	
14_Her	0	1	1	+43 49 18	5311.0	0.43	0.708	NA	K0 V	0.9	
18_Del	0	1	1	+10 50 21	4979.0	-0.052	8.5	NA	G6III	2.3	
1RXS1609	1	1	1	-21 04 58	4060.0	NA	1.35	NA	K7V	0.73	
1SWASP_J1407	0	1	1	-39 45 42.7	NA	NA	0.99	0.016	K5	NA	
24_Sex	1	1	2	-00 54 08	5098.0	-0.03	4.9	NA	G5	1.54	
2M_044144	0	1	1	+23 01 51	3840.0	NA	NA	NA	M8.5	0.02	
2M_0746+20	0	1	1	+20 00 32.18	2205.0	NA	0.089	NA	L0/L1.5	0.12	
2M1207	0	1	1	-39 32 54	2550.0	NA	NA	NA	M8	0.025	
2M_2140+16	0	1	1	+16 25 18	2300.0	NA	0.1	NA	M8.5/L2	0.08	
2M_2206-20	0	1	1	-20 47 05.90	2350.0	NA	0.11	NA	M8	0.13	
2MASS_0122-2439	0	1	1	-24 39 50.65	NA	NA	NA	0.120	M3.5pm0.5	0.40	
42_Dra	1	1	1	+65 33 49	4200.0	-0.46	22.03	NA	K1.5III	0.98	
47_Uma	0	1	3	+40 25 46	5892.0	NA	1.24	NA	G0V	1.03	
4_Uma	0	1	1	+64 19 41	4415.0	-0.25	NA	NA	K1III	1.234	
51_Peg	0	1	1	+20 46 07	5793.0	0.2	1.266	NA	G2 IV	1.11	
61_Vir	0	1	3	-18 18 40	5531.0	-0.01	0.94	NA	G5V	0.95	
6_Lyn	1	1	1	+58 09 46	4978.0	-0.13	5.2	NA	K0IV	1.7	
70_Vir	0	1	1	+13 46 43.6386	5439	-0.09	1.94	7.77	G4 V	1.09	
75_Cet	0	1	1	-01 02 05.6236	4846	NA	10.5	NA	G3III:	2.49	
7_CMa	1	1	1	-19 15 21	4792.0	0.21	2.3	NA	K1 III	1.52	
81_Cet	0	1	1	-03 23 46	4790.0	-0.06	11	NA	G5III	2.4	
AB_Pic	1	1	1	-58 03 15	4875.0	-0.64	NA	NA	K2 V	NA	
alf_Ari	0	1	1	+23 27 44	4553.0	-0.09	13.9	NA	K2III	1.5	
BD-082823	1	1	2	-09 31 00	4746.0	-0.07	NA	NA	K3V	0.74	
BD-10_3166	0	1	1	-10 46 13	5400.0	0.382	1.71	NA	G4 V	0.99	
BD-114672	0	1	1	-11 38 09.73	4475	-0.48	0.52	4.4	K7 V	0.571	
BD14_4559	1	1	1	+14 41 22	4814.0	0.1	NA	NA	K2V	0.86	
BD+15_2940	0	1	1	+15 32 48.9291	4796	0.28	14.7	7.1	K0	1.1	
BD-17_63	0	1	1	-16 13 35	4714.0	-0.03	0.69	NA	K5V	0.74	
BD+20_1790	0	1	1	+20 24 58.66	4410	0.30	NA	NA	K5Ve	0.63	
BD20_2457	0	1	2	+19 53 29	4127.0	-1	NA	NA	K2II	2.8	
BD+20_274	1	1	1	+21 00 19	4296.0	-0.46	17.3	NA	K5 III	0.8	
BD_+48_738	1	1	1	+49 35 13	4414.0	-0.2	11	NA	K0III	0.74	
BD+49_828	1	1	1	+49 43 47.974	4943	-0.19	7.6	2.3	K0	1.52	
beta_Cancri	0	1	1	+09 11 08	4092.1	-0.29	47.2	1.85	K4III	1.7	
beta_Pic	0	1	1	-51 03 59	9790.0	NA	NA	0.012	A6V	1.8	
beta_Ursae_Minoris	1	1	1	+74 09 20	4126	-0.27	38.3	2.95	K4IIIvar	1.4	
CFBDS_1458	0	1	1	+10 13 43	540.0	NA	NA	NA	T9.5	0.02	
CFBDSIR2149	0	0	1	-04 03 08	NA	NA	NA	NA	NA	NA	
CHXR_73	0	1	1	-77 37 33	3840.0	NA	NA	NA	M3.25	0.35	
CoRoT-10	0	1	1	+00 44 46	5075.0	0.26	0.79	NA	K1V	0.89	
CoRoT-11	0	1	1	+05 56 16	6440.0	-0.03	1.37	NA	F6V	1.27	
CoRoT-12	0	1	1	-01 17 47	5675.0	0.16	1.116	NA	G2V	1.078	
CoRoT-13	0	1	1	-05 05 11	5945.0	0.01	1.01	NA	G0V	1.09	
CoRoT-14	0	1	1	-05 32 10	6035.0	0.05	1.21	NA	F9V	1.13	
CoRoT-16	0	1	1	-06 00 09	5650.0	0.19	1.19	NA	G5V	1.098	
CoRoT-17	0	1	1	-06 36 44	5740.0	NA	1.59	NA	G2V	1.04	
CoRoT-18	0	1	1	-00 01 54	5440.0	-0.1	1	NA	G9V	0.95	
CoRoT-19	0	1	1	-00 10 15	6090.0	-0.02	1.65	NA	F9V	1.21	
CoRoT-1	0	1	1	-03 06 08	6298.0	-0.3	1.11	NA	G0V	0.95	
CoRoT-20	0	1	1	+00 13 37	5880.0	0.14	1.02	0.1	G2V	1.14	
CoRoT-21	0	1	1	-00 17 57.06	6200.0	NA	1.945	NA	FIV8	1.29	
CoRoT-22	0	1	1	+06 13 09	5939	0.17	1.136	3.3	G0IV	1.099	
CoRoT-23	0	1	1	+04 21 28	5900.0	0.05	1.61	NA	G0V	1.14	
CoRoT-24	0	1	2	-03 43 10	4950	0.3	0.86	11	K1V	0.91	
CoRoT-25	0	1	1	+06 30 50.04	6040	-0.01	1.19	NA	F9V	1.09	
CoRoT-26	0	1	1	+06 58 11.71	5590	0.01	1.79	NA	G5	1.09	
CoRoT-27	0	1	1	+05 32 19	5900	0.1	1.08	4.21	G2	1.05	
CoRoT-28	0	1	1	+05 34 25.72	5150	0.15	1.78	12.0	G8/9IV	1.01	
CoRoT-29	0	1	1	+06 28 46.99	5260	0.20	0.90	4.5	K0V	0.97	
CoRoT-2	0	1	1	+01 23 02	5575.0	NA	0.902	NA	G7V	0.97	
CoRoT-3	0	1	1	+00 07 19	6740	-0.02	1.56	NA	F3V	1.37	
CoRoT-4	0	1	1	-00 40 22	6190.0	0.05	1.15	NA	F8V	1.1	
CoRoT-5	0	1	1	+00 48 55	6100.0	-0.25	1.186	NA	F9V	1.00	
CoRoT-6	0	1	1	+06 39 48	6090.0	-0.2	1.025	NA	F5V	1.05	
CoRoT-7	0	1	2	-01 03 47	5313.0	0.03	0.87	NA	K0V	0.93	
CoRoT-8	0	1	1	+01 25 36	5080.0	0.3	0.77	NA	K1V	0.88	
CoRoT-9	0	1	1	+06 12 15	5625.0	-0.01	0.94	NA	G3V	0.99	
CT_Cha	1	1	1	-76 27 19	5150.0	NA	NA	NA	K7	NA	
DH_Tau	0	1	1	+26 32 58	3840.0	NA	NA	NA	M0.5V	0.4	
EPIC_201208431	0	1	1	-03 54 20.11	4180	-0.05	0.61	NA	NA	0.64	
EPIC_201295312	0	1	1	-02 31 15.17	5942	-0.02	1.01	NA	NA	1.05	
EPIC_201338508	0	1	2	-01 52 40.71	4135	-0.29	0.56	NA	NA	0.58	
EPIC_201367065	0	1	3	-01 27 17.23	3943	-0.16	0.54		M0.2V	0.56	
EPIC_201384232	0	1	1	-01 11 54.52	5772	-0.05	0.94	NA	NA	0.98	
EPIC_201393098	0	1	1	-01 03 56.72	5688	-0.04	0.91	NA	NA	0.97	
EPIC_201403446	0	1	1	-00 54 26.14	6340	-0.14	1.15	NA	NA	1.13	
EPIC_201445392	0	1	2	-00 17 03.75	4813	-0.1	0.71	NA	NA	0.75	
EPIC_201465501	1	1	1	+00 00 19.08	3453	-0.18	0.32	NA	NA	0.32	
EPIC_201505350	0	1	2	+00 36 12.87	5408	0.38	0.79	NA	K	0.84	
EPIC_201546283	0	1	1	+01 13 50.66	5290	-0.09	0.8	NA	NA	0.86	
EPIC_201549860	0	1	1	+01 17 09.44	4480	-0.01	0.67	NA	NA	0.71	
EPIC_201565013	0	1	1	+01 30 36.9	3955	-0.42	0.5	NA	NA	0.51	
EPIC_201577035	0	1	1	+01 41 26.29	5553	-0.04	0.88	NA	NA	0.93	
EPIC_201596316	0	1	1	+01 59 12.62	5254	-0.16	0.77	NA	NA	0.83	
EPIC_201613023	0	1	1	+02 14 41.58	5687	-0.06	0.9	NA	NA	0.96	
EPIC_201617985	0	1	1	+02 19 17.31	3681	-0.04	0.48	NA	NA	0.5	
EPIC_201629650	0	1	1	+02 30 09.71	5569	-0.37	0.78	NA	NA	0.83	
EPIC_201635569	0	1	1	+02 35 39.28	3829	-0.31	0.48	NA	NA	0.5	
EPIC_201702477	0	1	1	+03 40 53.7	5551	-0.08	0.87	NA	NA	0.92	
EPIC_201736247	0	1	1	+04 15 17.09	5114	-0.14	0.76	NA	NA	0.8	
EPIC_201754305	0	1	2	+04 33 26.42	4717	-0.35	0.64	NA	NA	0.67	
EPIC_201828749	0	1	1	+05 53 39.56	5437	-0.23	0.8	NA	NA	0.85	
EPIC_201855371	0	1	1	+06 24 44.14	4288	0.01	0.64	NA	NA	0.68	
EPIC_201912552	1	1	1	+07 35 18.21	3503	0.09	0.394	NA	M2.8	0.413	
eps_Corona_Borealis	0	1	1	+26 52 40	4406	-0.094	21	NA	K2 III	1.7	
eps_Eridani	0	1	1	-09 27 29	5116.0	-0.13	0.895	NA	K2 V	0.83	
eps_Tau	0	1	1	+19 10 50	4901.0	0.17	13.7	NA	K0 III	2.7	
eta_Cet	0	1	2	-10 10 56.1570	4528.0	0.12	14.3	NA	K1III	1.7	
FU_Tau	0	1	1	+25 03 03.05	2838.0	NA	NA	NA	M7.25	0.05	
Gamma_Leonis	1	1	1	+19 50 29	4330.0	-0.51	31.88	NA	K0III	1.23	
GJ_160.2	0	1	1	-20 51 11.2391	4347	NA	NA	NA	M0 V	0.69	
GJ_180	1	1	2	-17 46 24.2944	3371	NA	NA	NA	M2 V	0.43	
GJ_27.1	0	1	1	-44 15 11.5985	3542	NA	NA	NA	M0.5 V	0.53	
GJ_422	1	1	1	-57 32 51.5988	3323	NA	NA	NA	M3.5 V	0.35	
GJ_682	1	1	2	-44 19 09.1697	3028	NA	NA	NA	M3.5 V	0.27	
Gliese_1214	0	1	1	+04 57 49.7	3250	0.1	0.2213	NA	M4.5	0.176	
Gliese_163	1	1	3	-53 22 23	NA	NA	NA	5.5	M3.5V	0.40	
Gliese_176	0	1	1	+18 57 29	3520.0	-0.1	0.53	NA	M2.5V	0.49	
Gliese_179	0	1	1	+06 28 36	3370.0	0.3	0.38	NA	M3.5	0.357	
Gliese_221	1	1	2	-05 59 41	4040	-0.07	NA	3	K7V	0.637	
Gliese_317	0	1	2	-23 27 23	3510.0	0.36	NA	NA	M3.5	0.42	
Gliese_328	0	1	1	+01 32 56	3900	0.00	NA	NA	M1	0.69	
Gliese_3293	3	1	3	-25 10 08.9	3466	0.02	0.404	NA	M2.5	0.42	
Gliese_3341	0	1	1	-31 17 46.6	3546	-0.09	0.439	NA	M2.5	0.47	
Gliese_3470	0	1	1	+15 23 30	3652	0.17	0.48		M1.5	0.51	
Gliese_3634	0	1	1	-31 08 39	3314.0	NA	0.43	NA	M2.5	0.45	
Gliese_433	0	1	2	-32 32 24	3600.0	-0.22	NA	NA	M1.5	0.48	
Gliese_436	0	1	2	+26 42 23	3684.0	-0.32	0.464	NA	M2V	0.452	
Gliese_504	0	1	1	+09 25 27	6234	0.28	NA	0.16	G0V	1.22	
Gliese_581	2	1	6	-07 43 20	3498.0	-0.135	0.3	NA	M2.5V	0.31	
Gliese_649	0	1	2	+25 44 39	3700.0	0.08	NA	NA	M1.5	0.54	
Gliese_674	0	1	1	-46 53 43	3600.0	-0.28	NA	NA	M2.5	0.35	
Gliese_687	1	1	1	+68 20 20.9108	3413	NA	0.4183	NA	M3V	0.413	
Gliese_785	1	1	2	-27 01 58	5166.0	-0.04	NA	NA	K3V	0.80	
Gliese_832	1	1	2	-49 00 32	3472	-0.3	NA	NA	M1.5	0.45	
Gliese_849	0	1	2	-04 38 27	3840.0	0.16	0.52	NA	M3.5	0.49	
Gliese_876	2	1	4	-14 15 13	3350.0	0.05	0.3	NA	M4 V	0.32	
GQ_Lup	1	1	1	-35 39 03	5150.0	NA	NA	NA	K7eV	0.7	
GSC_06214-00210	0	1	1	-20 43 07	3840.0	NA	NA	NA	M1	0.6	
GU_Psc	0	1	1	+17 03 56	NA	0.1	NA	0.1	M3	0.325	
HAT-P-11	0	1	1	+48 04 51	4780.0	0.31	0.75	NA	K4	0.81	
HAT-P-12	0	1	1	+43 29 37	4650.0	-0.29	0.7	NA	K5	0.73	
HAT-P-13	1	1	2	+47 21 07	5638.0	0.41	1.56	NA	G4	1.22	
HAT-P-15	0	1	1	+39 27 38	5568.0	0.22	1.08	NA	G5	1.013	
HAT-P-17	0	1	2	+30 29 19	5246.0	NA	0.837	NA	K	0.857	
HAT-P-18	0	1	1	+33 00 45	4870	0.1	0.717	NA	K	0.770	
HAT-P-19	0	1	1	+34 42 42	4990.0	0.23	0.82	NA	K	0.842	
HAT-P-1	0	1	1	+38 40 30	5975.0	0.13	1.115	NA	G0V	1.133	
HAT-P-20	0	1	1	+24 20 11	4595.0	0.35	0.694	NA	K7	0.756	
HAT-P-21	0	1	1	+41 01 41	5588.0	0.01	1.105	NA	G3	0.947	
HAT-P-22	0	1	1	+50 07 42	5302.0	0.24	1.04	NA	G5	0.916	
HAT-P-23	0	1	1	+16 45 44	5905.0	0.15	1.203	NA	G5	1.13	
HAT-P-25	0	1	1	+25 11 51	5500.0	0.31	0.959	NA	G5	1.01	
HAT-P-26	0	1	1	+04 03 36.13	5079.0	-0.04	0.788	NA	K1	0.816	
HAT-P-27	0	1	1	+05 56 50	5300.0	0.14	0.87	3.60	G8	0.92	
HAT-P-28	0	1	1	+34 43 42	5680.0	0.12	1.103	NA	G3	1.025	
HAT-P-29	0	1	1	+51 46 44	6087.0	0.21	1.224	NA	F8	1.207	
HAT-P-2	0	1	1	+41 02 53	6290.0	0.14	1.64	NA	F8	1.36	
HAT-P-31	0	1	1	+26 25 36	6065.0	0.15	1.36	NA	F	1.218	
HAT-P-34	0	1	1	+18 06 18	6442.0	0.22	1.535	NA	F8	1.392	
HAT-P-35	0	1	1	+04 47 13	6096.0	0.11	1.435	NA	F	1.236	
HAT-P-36	0	1	1	+44 54 55	5580.0	0.26	1.096	NA	G	1.022	
HAT-P-37	0	1	1	+51 16 09	5500.0	0.03	0.877	NA	G	0.929	
HAT-P-38	0	1	1	+32 14 47	5330.0	0.06	0.923	NA	G	0.886	
HAT-P-39	0	1	1	+17 49 48	6430.0	0.19	1.625	NA	F	1.404	
HAT-P-3	0	1	1	+48 01 43	5224.0	0.27	0.799	NA	K	0.917	
HAT-P-40	0	1	1	+45 27 27	6080.0	0.22	2.206	NA	F	1.512	
HAT-P-41	0	1	1	+04 40 20	6390.0	0.21	1.683	NA	F	1.418	
HAT-P-42	0	1	1	+06 05 50	5743	0.27	1.528	5.1	G	1.179	
HAT-P-43	0	1	1	+10 12 24	5645	0.23	1.104	5.7	F	1.048	
HAT-P-44	1	1	2	+47 00 53	5295	0.33	0.979	8.9	NA	0.939	
HAT-P-45	0	1	1	-03 22 52	6330	0.07	1.319	2	NA	1.259	
HAT-P-46	0	1	2	-02 58 15	6120	0.3	1.396	2.5	NA	1.284	
HAT-P-49	0	1	1	-26 41 34	6820	0.074	1.833	2.5	NA	1.543	
HAT-P-4	0	1	1	+36 13 47	5890.0	0.24	1.59	NA	F	1.26	
HAT-P-50	0	1	1	+12 08 21.9	6280	-0.180	1.698	3.37	NA	1.273	
HAT-P-51	0	1	1	+32 48 38.8	5449	0.270	1.041	8.2	NA	0.976	
HAT-P-52	0	1	1	+29 01 20.6	5131	0.280	0.893	9.4	NA	0.887	
HAT-P-53	0	1	1	+38 58 05.3	5956	0.000	1.209	4.67	NA	1.093	
HAT-P-54	0	1	1	-25 28 57	4390	-0.127	0.617	3.9	NA	0.645	
HAT-P-5	0	1	1	+36 37 18	5960.0	0.24	1.137	NA	G	1.163	
HAT-P-6	0	1	1	+42 27 58	6570.0	-0.13	1.46	NA	F	1.29	
HAT-P-9	0	1	1	+37 08 26	6350.0	0.12	1.32	NA	F	1.28	
HATS-10	0	1	1	-22 12 16.1	5880	0.15	1.105	3.3	NA	1.101	
HATS-13	0	1	1	-26 05 48.0	5523	0.050	0.887	2.5	NA	0.962	
HATS-14	0	1	1	-25 41 14.4	5346	0.330	0.933	4.9	NA	0.967	
HATS-1	0	1	1	-23 21 17	5870.0	-0.06	1.038	NA	G2V	0.986	
HATS-2	0	1	1	-22 21 46	5227	0.15	0.89	9.7	K	0.88	
HATS-3	0	1	1	-24 25 44	6351	-0.157	1.725	3.1	F	1.300	
HATS-4	0	1	1	-22 32 48.79	5403	0.43	0.925	2.1	NA	1.001	
HATS-5	0	1	1	-21 28 54.90	5304	0.19	0.871	3.6	NA	0.936	
HATS-6	0	1	1	-19 01 54	3724	0.2	0.570	8.1	NA	0.574	
HATS-9	0	1	1	-20 09 58.7	5366	0.340	1.503	10.8	NA	1.030	
HD_100546	0	1	2	-70 11 41	10500	NA	NA	0.005	B9Vne	2.4	
HD_100655	0	1	1	+20 26 30	4861.0	0.15	9.3	NA	G9III	2.4	
HD_100777	1	1	1	-04 45 21	5582.0	0.27	NA	NA	K0	1	
HD_10180	1	1	9	-60 30 42	5911.0	0.08	NA	NA	G1V	1.06	
HD_101930	0	1	1	-58 00 24	5079.0	0.17	NA	NA	K1 V	0.74	
HD_102117	0	1	1	-58 42 13	5672.0	0.3	1.27	NA	G6V	1.03	
HD_102195	0	1	1	+02 49 17	5291.0	0.05	0.835	NA	K0V	0.926	
HD_102272	0	1	2	+14 07 26	4908.0	0.26	10.1	NA	K0	1.9	
HD_102329	0	1	1	+03 28 27	4830.0	0.3	6.3	NA	K0	1.95	
HD_102365	0	1	1	-40 30 01	5650.0	-0.28	NA	NA	G2V	0.85	
HD_102956	0	1	1	+57 38 27	5054.0	0.19	4.4	NA	A	1.68	
HD_103197	0	1	1	-50 17 34	5303.0	0.21	NA	NA	K1V	0.9	
HD_103720	0	1	1	-02 46 44.24	5017	-0.02	0.73	3.8	K3 V	0.794	
HD_103774	0	1	1	-12 06 28	6489	0.28	NA	NA	F5V	1.335	
HD_104067	0	1	1	-20 21 14	4969.0	-0.06	NA	NA	K2V	0.791	
HD_10442	1	1	1	+02 42 15.77	5034	0.11	NA	NA	K2IV	1.56	
HD_104985	0	1	1	+76 54 20	4786.0	-0.35	10.87	NA	G9 III	1.6	
HD_106252	0	1	1	+10 02 29	5754.0	-0.078	1.09	NA	G0	0.96	
HD_106270	0	1	1	-09 30 47	5638.0	0.08	2.5	NA	G5	1.32	
HD_10647	1	1	1	-53 44 27	6039.0	0.0	1.1	1.4	F9V	1.11	
HD_106515_A	0	1	1	-07 15 26	NA	0.03	1.62	11.7	G5	0.97	
HD_106906	0	1	1	-55 58 31.8890	6516	NA	NA	0.013	F5V	1.5	
HD_10697	1	1	1	+20 04 59	5641.0	0.1	1.72	NA	G5 IV	1.15	
HD_107148	0	1	1	-03 19 11	5797.0	0.314	NA	NA	G5	1.12	
HD_108147	0	1	1	-64 01 19	6067.0	0.18	1.22	NA	F8/G0 V	1.19	
HD_108341	0	1	1	-71 25 22.70	5122	0.04	0.79	4.9	K2 V	0.843	
HD_108863	0	1	1	+21 56 54	4956.0	0.20	5.6	NA	K0	1.85	
HD_108874	1	1	2	+22 52 47	5407.0	0.14	1.22	NA	G5	1	
HD_109246	0	1	1	+74 29 22	5844.0	0.1	1.02	NA	G0V	1.01	
HD_109271	0	1	2	-11 37 18	5783	0.10	NA	7.3	G5V	1.047	
HD_110014	0	1	1	-07 59 44	4445.0	0.19	20.9	NA	K2III	2.17	
HD_111232	0	1	1	-68 25 30	5494.0	-0.36	NA	NA	G8V	0.78	
HD_113337	0	1	1	+63 36 37	NA	0.07	1.5	0.150	F6V	1.4	
HD_113538	0	1	2	-52 26 35	4462	-0.24	0.53	4.3	K9V	0.585	
HD_114386	0	1	2	-35 03 17	4819.0	NA	0.76	2.19	K3 V	0.75	
HD_114613	0	1	1	-37 48 10.8901	5729	0.19	NA	NA	G4IV	1.364	
HD_114783	1	1	1	-02 15 54	5105.0	0.33	0.78	NA	K0	0.92	
HD_11506	0	1	2	-19 30 25.11	6058.0	0.31	1.33	NA	G0V	1.19	
HD_116029	1	1	1	+24 38 55	4951.0	0.18	4.6	NA	K1	1.58	
HD_117207	0	1	1	-35 34 15	5432.0	0.27	1.09	NA	G8VI/V	1.07	
HD_117618	1	1	2	-47 16 16	5861.0	0.04	1.19	NA	G2V	1.05	
HD_118203	0	1	1	+53 43 42	5600.0	0.1	NA	NA	K0	1.23	
HD_11977	0	1	1	-67 38 50	4975.0	-0.21	13	NA	G8.5 III	1.91	
HD_120084	1	1	1	+78 03 51	4892	0.09	9.12	NA	G7III	2.4	
HD_121504	0	1	1	-56 02 24	6075.0	0.16	NA	NA	G2 V	1.18	
HD_122430	0	1	1	-27 25 47	4300.0	-0.05	22.9	NA	K3III	1.39	
HD_125595	0	1	1	-40 23 38	4908.0	0.02	NA	NA	K4V	0.756	
HD_125612	1	1	3	-17 28 53	5897.0	0.24	1.05	NA	G3V	1.1	
HD_126525	1	1	1	-51 55 59	5940.0	NA	NA	NA	G4V	NA	
HD_12661	1	1	2	+25 24 51	5742.0	0.29	1.12	NA	G6 V	1.07	
HD_128311	1	1	2	+09 44 47	4965.0	0.08	0.73	NA	K0V	0.828	
HD_129445	0	1	1	-68 45 45	5940.0	0.25	NA	NA	G8V	0.99	
HD_130322	0	1	1	-00 16 53	5330.0	-0.02	0.83	NA	K0 V	0.79	
HD_131496	1	1	1	+18 14 07	4927.0	0.25	4.3	NA	K2	1.61	
HD_131664	0	1	1	-73 32 07.2	5886	0.32	1.16	2.4	G3V	1.10	
HD_13189	0	1	1	+32 18 59	5150.0	NA	50.39	NA	K2 II	4.5	
HD_132406	1	1	1	+53 22 56	5885.0	0.18	NA	NA	G0V	1.09	
HD_134060	0	1	2	-61 25 20	5940.0	NA	NA	NA	G0V	NA	
HD_134606	1	1	3	-70 31 11	5940.0	NA	NA	NA	G6IV	NA	
HD_134987	1	1	2	-25 18 33	5740.0	0.25	1.25	NA	G5 V	1.07	
HD_136352	0	1	3	-48 19 03	5940.0	NA	NA	NA	G4V	NA	
HD_136418	1	1	1	+41 44 00	5071.0	-0.07	3.4	NA	G5	1.33	
HD_137388	1	1	1	-80 12 17	5240.0	0.18	0.82	NA	K0/K1V	0.86	
HD_13808	0	1	2	-53 44 38	5150.0	NA	NA	NA	K2V	NA	
HD_13908	1	1	2	+65 35 39.6988	6255	0.01	1.67	2.9	F8V	1.29	
HD_13931	0	1	1	+43 46 23	5829.0	0.03	1.23	NA	G0	1.02	
HD_139357	1	1	1	+53 55 20	4700.0	-0.13	11.47	NA	K4III	1.35	
HD_141399	1	1	4	+46 59 11	NA	0.18	1.46	NA	K	1.14	
HD_141937	1	1	1	-18 26 09	5925.0	0.11	1.06	NA	G2/G3 V	1.1	
HD_142245	1	1	1	+15 25 50	4878.0	0.23	5.2	NA	A	1.69	
HD_142415	1	1	1	-60 12 00	5834.0	0.21	1.03	NA	G1 V	1.09	
HD_143361	0	1	1	-44 26 04	5940.0	0.29	NA	NA	G0V	0.95	
HD_145377	0	1	1	-27 04 41	6046.0	0.12	1.14	NA	G3V	1.12	
HD_145457	0	1	1	+26 44 34	4757.0	-0.14	9.9	NA	K0	1.9	
HD_145934	1	1	1	+13 14 22.1	NA	NA	5.38	NA	K0	1.748	
HD_1461	0	1	2	-08 03 11	5765.0	0.19	1.095	NA	G0V	1.08	
HD_147018	0	1	2	-61 41 20	5441.0	0.1	NA	NA	G9V	0.927	
HD_148156	1	1	1	-46 19 03	6308.0	0.29	1.21	NA	F8V	1.22	
HD_148427	0	1	1	-13 23 59	5052.0	0.154	3.22	NA	K0IV	1.45	
HD_149026	0	1	1	+38 20 50	6147.0	0.36	1.497	NA	G0IV	1.3	
HD_149143	0	1	1	+02 05 05	5730.0	0.26	NA	NA	G0 IV	1.1	
HD_1502	0	1	1	+14 03 17	5049.0	0.09	4.5	NA	K0	1.61	
HD_150433	0	1	1	-02 51 26	5940.0	NA	NA	NA	G0	NA	
HD_150706	0	1	1	+79 47 23	5741.0	-0.13	0.87	NA	G0	0.94	
HD_152079	0	1	1	-46 19 51	5940.0	0.16	NA	NA	G6V	1.023	
HD_152581	1	1	1	+11 58 25	5155.0	-0.46	2.8	NA	K0	0.927	
HD_153950	1	1	1	-43 18 35	6076.0	-0.01	1.34	NA	F8V	1.12	
HD_154088	0	1	1	-28 34 58	5150.0	NA	NA	NA	K0IV	NA	
HD_154345	0	1	1	+47 04 55	5468.0	-0.105	NA	NA	G8V	0.88	
HD_154672	0	1	1	-56 26 57	5714.0	0.26	1.27	NA	G3IV	1.06	
HD_154857	1	1	2	-56 40 50	5508	-0.31	2.31	NA	G5V	1.718	
HD_155358	2	1	2	+33 21 21	5900.0	-0.51	NA	NA	G0	0.92	
HD_156279	0	1	1	+63 21 08	5453.0	0.14	NA	NA	K0	0.93	
HD_156411	1	1	1	-48 32 58	5900.0	-0.12	2.16	NA	F8IV/V	1.25	
HD_156668	0	1	1	+29 13 38	4850.0	0.05	0.72	NA	K3V	0.772	
HD_157172	0	1	1	-19 36 58	5940.0	NA	NA	NA	G8.5V	NA	
HD_158038	0	1	1	+27 18 12	4897.0	0.28	4.8	NA	K0	1.65	
HD_159243	0	1	2	+05 42 02.6391	6123	0.05	1.12	1.25	G0V	1.125	
HD_159868	2	1	2	-43 08 44	5395.0	NA	NA	NA	G5V	1.09	
HD_1605	2	1	2	+30 58 29.2948	4757	0.21	3.8	4.59	K1IV	1.31	
HD_16175	1	1	1	+42 03 45	6000.0	0.23	1.87	NA	G0	1.35	
HD_162020	0	1	1	-40 19 06	4830.0	0.01	0.71	NA	K2 V	0.75	
HD_163607	0	1	2	+56 23 31	5543.0	0.21	1.63	NA	G5IV	1.09	
HD_16417	0	1	1	-34 34 41	5936.0	0.19	NA	NA	G1V	1.18	
HD_164509	1	1	1	+00 06 16	5922.0	0.21	1.06	NA	G5V	1.13	
HD_164604	1	1	1	-28 33 38	5150.0	-0.18	NA	NA	K2V	0.8	
HD_164922	0	1	1	+26 18 46	5385.0	0.17	0.9	NA	K0V	0.94	
HD_1666	0	1	1	-19 55 52.4083	6317	0.37	1.93	1.76	F7V	1.50	
HD_166724	0	1	1	-42 34 31	5150.0	-0.09	NA	4.0	K0IV	0.81	
HD_167042	0	1	1	+54 17 12	5020.0	0.05	4.3	NA	K1III	1.64	
HD_168443	0	1	2	-09 35 34	5591.0	0.04	1.51	NA	G5	0.995	
HD_168746	0	1	1	-11 55 21	5610.0	-0.06	1.12	NA	G5	0.88	
HD_1690	1	1	1	-08 16 52	4393.0	-0.32	16.7	NA	K1III	1.09	
HD_169830	1	1	2	-29 49 00	6300	0.21	1.84	2.3	F8 V	1.4	
HD_170469	1	1	1	+11 41 44	5810.0	0.3	1.22	NA	G5IV	1.14	
HD_17092	0	1	1	+49 39 11	4650.0	0.18	NA	NA	K0III	2.3	
HD_171028	1	1	1	+06 56 45	5663.0	-0.49	1.95	NA	G0	0.99	
HD_171238	0	1	1	-28 04 20	5467.0	0.17	NA	NA	KOV	0.943	
HD_17156	0	1	1	+71 45 12	6079.0	0.24	1.508	NA	G0V	1.275	
HD_173416	0	1	1	+36 33 24	4683.0	NA	13.5	NA	G8	2	
HD_175167	0	1	1	-69 56 39	5940.0	0.19	NA	NA	G5 IV/V	1.102	
HD_175541	0	1	1	+04 15 55	5060.0	-0.07	3.85	NA	G8IV	1.65	
HD_176051	1	1	1	+32 54 05	5700.0	NA	NA	NA	G0V	NA	
HD_179079	0	1	1	-02 38 18	5724.0	0.29	1.48	NA	G5IV	1.087	
HD_179949	0	1	1	-24 10 45	6260.0	0.22	1.19	NA	F8 V	1.28	
HD_180314	0	1	1	+31 51 37	4917.0	0.2	9.2	NA	K0	2.6	
HD_180902	0	1	1	-23 33 29	5030.0	0.04	4.1	NA	K0III/IV	1.52	
HD_181342	0	1	1	-23 37 10	5014.0	0.26	4.6	NA	K0III	1.84	
HD_181433	0	1	3	-66 28 08	4962.0	0.33	NA	NA	K3IV	0.78	
HD_181720	0	1	1	-32 55 09	5781.0	-0.53	NA	NA	G1V	0.92	
HD_183263	1	1	2	+08 21 28	5888.0	0.3	1.21	NA	G2IV	1.17	
HD_185269	0	1	1	+28 30 00	5980.0	0.11	1.88	NA	G0IV	1.28	
HD_187085	1	1	1	-37 46 50	6075.0	0.05	NA	NA	G0 V	1.22	
HD_187123	0	1	2	+34 25 15	5714.0	0.16	1.17	NA	G5	1.06	
HD_18742	1	1	1	+20 49 12	5048.0	-0.04	4.9	NA	K0	1.60	
HD_189567	0	1	1	-67 19 15	5940.0	NA	NA	NA	G2V	NA	
HD_190647	1	1	1	-35 32 19	5628.0	0.24	NA	NA	G5	1.1	
HD_190984	0	1	1	-64 37 14	5988.0	-0.48	1.53	NA	F8V	0.91	
HD_192263	0	1	1	-00 52 01	4965.0	-0.2	0.75	NA	K2 V	0.81	
HD_192699	0	1	1	+04 34 51	5220.0	-0.15	4.25	NA	G8IV	1.68	
HD_196067	0	1	1	-75 21 03	5940.0	0.18	1.73	3.3	G0V	1.29	
HD_197037	1	1	1	+42 14 55	6150.0	-0.2	NA	NA	F7V	1.11	
HD_20003	0	1	2	-72 19 19	5940.0	NA	NA	NA	G8V	NA	
HD_200964	2	1	2	+03 48 11	5164.0	-0.15	4.3	NA	K0	1.44	
HD_202206	0	1	2	-20 47 21	5750.0	0.37	1.02	NA	G6 V	1.13	
HD_20367	1	1	1	+31 07 37	6128.0	0.1	1.18	NA	G0	1.04	
HD_2039	0	1	1	-56 39 00	5947.0	0.1	1.21	NA	G2/G3 IV-V	0.98	
HD_204313	0	1	3	-21 43 35	5767.0	0.18	NA	NA	G5V	1.045	
HD_204941	0	1	1	-20 57 27	5056.0	-0.19	0.72	NA	K2V	0.74	
HD_205739	0	1	1	-31 44 15	6176.0	0.19	1.33	NA	F7V	1.22	
HD_206610	1	1	1	-07 24 30	4874.0	0.14	6.1	NA	K0	1.56	
HD_207832	0	1	2	-26 49 44	5710.0	0.06	0.901	NA	G5V	0.94	
HD_20794	1	1	3	-43 30 10	5490.0	-0.40	NA	NA	G8V	0.70	
HD_208487	0	1	1	-37 45 49	5929.0	-0.06	1.15	NA	G2V	1.3	
HD_208527	1	1	1	+21 14 23	3950	-0.09	51.1	NA	K5 V	1.6	
HD_20868	1	1	1	-33 43 48	4795.0	0.04	0.79	NA	K3/4IV	0.78	
HD_209458	0	1	1	+18 53 04	6075	0.02	1.146	4	G0V	1.148	
HD_210277	1	1	1	-07 32 32	5532.0	0.19	1.1	NA	G0	1.09	
HD_210702	0	1	1	+16 02 26	5010.0	0.12	4.72	NA	K1III	1.85	
HD_212301	0	1	1	-77 43 04	5998.0	0.18	NA	NA	F8 V	1.05	
HD_212771	1	1	1	-17 15 49	5121.0	-0.21	5	NA	G8IV	1.15	
HD_215152	0	1	2	-06 24 03	5150.0	NA	NA	NA	K0	NA	
HD_215456	0	1	2	-48 58 04	5940.0	NA	NA	NA	G0.5V	NA	
HD_215497	1	1	2	-56 35 58	5113.0	0.23	NA	NA	K3V	0.87	
HD_216435	1	1	1	-48 35 53	5767.0	0.244	2	NA	G0 V	1.3	
HD_216437	0	1	1	-70 04 25	5636.0	0.25	1.1	NA	G4 IV-V	1.06	
HD_216536	0	1	1	+44 28 39.862	4639	-0.17	12.5	3.8	K0	1.36	
HD_216770	0	1	1	-26 39 31	5248.0	0.23	1	NA	K1 V	0.9	
HD_21693	0	1	2	-58 19 25	5940.0	NA	NA	NA	G9IV	NA	
HD_217107	0	1	2	-02 23 42	5666.0	0.37	1.08	NA	G8 IV	1.02	
HD_217786	0	1	1	-00 25 47	5966.0	-0.135	1.27	NA	F8V	1.02	
HD_218566	1	1	1	-02 15 39	4820.0	0.38	0.86	NA	K3V	0.85	
HD_219077	0	1	1	-62 42 00	5362.0	-0.13	1.91	8.9	G8 V+	1.05	
HD_219415	0	1	1	+56 43 49.15	4820.0	-0.46	2.9	NA	K0 III	1.0	
HD_219828	0	1	1	+18 38 45	5891.0	0.19	1.7	NA	G0IV	1.24	
HD_220074	1	1	1	+61 58 12	5080	-0.25	49.7	NA	K1 V	1.2	
HD_220689	0	1	1	-20 36 58	5940.0	0.00	1.07	3.5	G3V	1.01	
HD_220773	0	1	1	+08 38 38	5940.0	0.09	NA	NA	F9	1.16	
HD_221287	1	1	1	-58 12 35	6304.0	0.03	NA	NA	F7 V	1.25	
HD_222155	0	1	1	+48 59 47	5765.0	-0.11	1.67	NA	G2V	1.13	
HD_224693	0	1	1	-22 25 41	6037.0	0.343	1.7	NA	G2IV	1.33	
HD_22781	0	1	1	+31 49 35	5027.0	-0.37	NA	NA	K0V	0.75	
HD_23079	1	1	1	-52 54 57	5848.0	-0.24	1.13	NA	F8/G0 V	1.1	
HD_23127	1	1	1	-60 04 40	5927.0	0.34	NA	NA	G2V	1.13	
HD_231701	0	1	1	+16 28 27	6208.0	0.07	1.35	NA	F8V	1.14	
HD_233604	0	1	1	+53 34 05	4791	-0.36	10.9	2.4	K5	1.50	
HD_23596	1	1	1	+40 31 50	5888.0	0.32	2.09	NA	F8	1.27	
HD_240210	1	1	1	+57 01 46	4290.0	-0.18	NA	NA	K3III	1.25	
HD_240237	0	1	1	+58 02 36	4361.0	-0.26	32	NA	K2III	1.69	
HD_24040	0	1	1	+17 28 35	5853.0	0.206	NA	NA	G0	1.18	
HD_25171	0	1	1	-65 11 12	6160.0	-0.11	1.18	NA	F8V	1.09	
HD_27631	0	1	1	-41 57 37	5737	-0.12	1.0	4.4	G3 IV/V	0.94	
HD_27894	0	1	1	-59 24 39	4875.0	0.3	NA	NA	K2 V	0.8	
HD_28185	0	1	1	-10 33 02	5482.0	0.24	1.03	NA	G5	1.24	
HD_28254	1	1	1	-50 37 20	5664.0	0.36	1.48	NA	G1IV/V	1.06	
HD_285507	0	1	1	+15 20 06	4503	0.13	0.656	0.625	K5 D	0.734	
HD_28678	0	1	1	+04 34 48	5076.0	-0.11	6.2	NA	K0	1.74	
HD_290327	0	1	1	-02 16 39	5552.0	-0.11	1	NA	G8V	0.9	
HD_2952	0	1	1	+54 53 41	4844	0.00	12.02	NA	K0III	2.5	
HD_30177	0	1	1	-58 01 14	5320.0	0.19	1.12	NA	G8 V	0.95	
HD_30562	1	1	1	-05 40 27	5861.0	0.29	1.53	3.6	F8V	1.23	
HD_30669	0	1	1	-28 25 09.46	5400	0.13	0.91	4.8	G9 V	0.92	
HD_30856	1	1	1	-24 21 36	4982.0	-0.06	4.2	NA	K0	1.35	
HD_31253	1	1	1	+12 21 08	5960.0	0.16	1.71	NA	F8	1.23	
HD_31527	1	1	3	-23 14 31	5940.0	NA	NA	NA	G0V	NA	
HD_32518	0	1	1	+69 38 22	4580.0	-0.15	10.22	NA	K1III	1.13	
HD_330075	0	1	1	-49 57 48	6295.0	0.03	NA	NA	G5	0.95	
HD_33142	0	1	1	-13 59 11.3	5052.0	0.05	4.2	NA	K0	1.48	
HD_33283	0	1	1	-26 47 50	5995.0	0.366	1.2	NA	G3V	1.24	
HD_33564	1	1	1	+79 13 52	6250.0	-0.12	1.1	NA	F6 V	1.25	
HD_34445	1	1	1	+07 21 12	5836.0	0.14	1.38	NA	G0	1.07	
HD_3651	0	1	2	+21 15 01	5173.0	0.05	0.947	NA	K0 V	0.79	
HD_37124	1	1	3	+20 43 50	5610.0	-0.442	0.82	NA	G4 V	0.83	
HD_37605	0	1	2	+06 03 38	5448.0	0.39	NA	NA	K0V	0.8	
HD_38283	1	1	1	-73 41 58	5945.0	-0.24	NA	NA	F9.5V	1.085	
HD_38801	1	1	1	-08 19 40	5222.0	0.26	2.53	NA	K0IV	1.36	
HD_38858	1	1	1	-04 05 41	5940.0	NA	NA	NA	G4V	NA	
HD_39091	0	1	1	-80 28 08	5888.0	0.09	2.1	NA	G1 IV	1.1	
HD_39194	0	1	3	-70 08 37	5150.0	NA	NA	NA	K0V	NA	
HD_40307	1	1	6	-60 01 24	4977.0	-0.31	NA	NA	K2.5V	0.77	
HD_4113	1	1	1	-37 58 57	5688.0	0.2	NA	NA	G5V	0.99	
HD_41248	0	1	2	-56 09 43	5713	-0.43	0.78	2	G2V	0.92	
HD_4203	1	1	2	+20 26 56	5702.0	0.453	1.33	NA	G5	1.13	
HD_4208	0	1	1	-26 30 56	5571.0	-0.284	0.85	NA	G5 V	0.87	
HD_4308	0	1	1	-65 38 58	5597.0	-0.34	0.92	NA	G5 V	0.85	
HD_4313	0	1	1	+07 50 42	5035.0	0.14	4.9	NA	G5 D	1.72	
HD_43197	1	1	1	-29 53 50	5508.0	0.4	1	NA	G8V	0.96	
HD_43691	0	1	1	+41 05 32	6200.0	0.28	NA	NA	G0IV	1.38	
HD_44219	1	1	1	-10 43 30	5752.0	0.03	1.32	NA	G2V	1	
HD_45184	0	1	1	-28 46 48	5940.0	NA	NA	NA	G1.5V	NA	
HD_45350	1	1	1	+38 57 46	5754.0	0.29	1.27	NA	G5 IV	1.02	
HD_45364	2	1	2	-31 28 51	5434.0	-0.17	NA	NA	K0V	0.82	
HD_45652	0	1	1	+10 56 02	5312.0	0.29	NA	NA	G8-K0	0.83	
HD_47186	0	1	2	-27 37 20	5675.0	0.23	NA	NA	G5V	0.99	
HD_4732	1	1	2	-24 08 12	4959	0.01	5.4	NA	K0 IV	1.74	
HD_47536	1	1	2	-32 20 23	4380.0	-0.68	23.47	NA	K1 III	0.94	
HD_48265	1	1	1	-48 32 31	5940.0	0.17	NA	NA	G5V	0.93	
HD_49674	0	1	1	+40 52 03	5482.0	0.25	0.94	NA	G5 V	1.07	
HD_50499	0	1	1	-33 54 56	5902.0	0.23	1.38	NA	G IV	1.27	
HD_50554	0	1	1	+24 14 44	5902.0	-0.07	1.11	NA	F8	1.04	
HD_51608	0	1	2	-55 15 34	5150.0	NA	NA	NA	K0IV	NA	
HD_52265	0	1	1	-05 22 01	6159.0	0.21	1.25	3.5	G0 V	1.2	
HD_5319	2	1	2	+00 47 22.40	5052.0	0.15	3.26	NA	G5IV	1.51	
HD_5608	1	1	1	+33 57 03.1843	4854	NA	5.5	NA	K0IV	1.55	
HD_564	1	1	1	-50 16 04.16	5902	-0.2	1.01	5.5	G2	0.961	
HD_5891	0	1	1	+20 17 56	4907.0	-0.02	8.7	NA	G5D	1.91	
HD_59686	1	1	1	+17 05 09	5150.0	NA	11.62	NA	K2 III	NA	
HD_60532	1	1	2	-22 17 46	6095.0	-0.26	NA	NA	F6IV-V	1.44	
HD_62509	1	1	1	+28 01 34	4666.0	0.19	9.3	NA	K0IIIb	1.47	
HD_63454	0	1	1	-78 16 44	4841.0	0.11	NA	NA	K4 V	0.8	
HD_63765	1	1	1	-54 15 51	5432.0	-0.16	NA	NA	G9V	0.865	
HD_6434	0	1	1	-39 29 17	5835.0	-0.52	0.57	NA	G3 IV	0.79	
HD_65216	1	1	2	-63 38 50	5666.0	-0.12	NA	NA	G5 V	0.92	
HD_66141	1	1	1	+02 20 04	4305	-0.36	22	NA	K2 III	1.1	
HD_66428	0	1	1	-01 09 45	5752.0	0.31	NA	NA	G5	1.14552	
HD_67087	0	1	2	+31 33 04.7381	6330	0.25	1.55	1.45	F8V	1.36	
HD_6718	0	1	1	-08 14 01	5745.0	-0.06	1.02	NA	G5V	0.96	
HD_68988	0	1	1	+61 27 38	5767.0	0.24	1.14	NA	G0	1.2	
HD_69830	1	1	3	-12 37 55	5385.0	-0.05	0.895	NA	K0V	0.86	
HD_70573	1	1	1	+01 51 34	5737.0	-0.18	NA	NA	G1-1.5V	1	
HD_70642	0	1	1	-39 42 19	5670.0	0.16	0.84	NA	G5 IV-V	1	
HD_7199	1	1	1	-66 11 17	5386.0	0.28	0.96	NA	K0IV/V	0.89	
HD_72659	0	1	1	-01 34 05	5926.0	-0.02	1.36	NA	G2 V	0.95	
HD_73256	0	1	1	-30 02 15	5570.0	0.29	0.89	NA	G8/K0	1.05	
HD_73267	0	1	1	-34 27 36	5317.0	0.03	1.04	NA	G5V	0.89	
HD_73526	1	1	2	-41 19 08	5590.0	0.25	1.49	5.59	G6 V	1.08	
HD_73534	1	1	1	+12 57 37	4952.0	0.16	2.65	NA	G5IV	1.29	
HD_74156	0	1	2	+04 34 41	5960.0	0.13	1.64	NA	G1V	1.24	
HD_7449	0	1	2	-05 02 51	6024.0	-0.11	1.01	NA	F8V	1.05	
HD_75784	0	1	1	+13 14 00.37	4917	0.25	3.3	4.0	K3IV	1.41	
HD_75898	1	1	1	+33 03 25	6021.0	0.27	1.6	NA	G0	1.28	
HD_76700	0	1	1	-66 48 03	5726.0	0.14	1.33	NA	G6 V	1	
HD_77338	0	1	1	-25 31 37	5370.0	0.35	0.88	NA	K0V	0.93	
HD_7924	0	1	3	+76 42 37.0335	5075	-0.15	0.7821	NA	K0V	0.832	
HD_79498	0	1	1	+23 22 32	5740.0	0.24	NA	NA	G5	1.06	
HD_81040	0	1	1	+20 21 52	5700.0	-0.16	0.86	NA	G2/G3	0.96	
HD_81688	0	1	1	+45 36 05	4753.0	-0.359	13	NA	K0III-IV	2.1	
HD_82886	1	1	1	+09 32 43	5112.0	-0.31	4.8	NA	G0	1.06	
HD_82943	1	1	2	-12 07 46	5874.0	0.32	1.12	3	G0	1.13	
HD_83443	0	1	1	-43 16 19	5460.0	0.35	1.04	NA	K0 V	0.9	
HD_8535	0	1	1	-41 16 11	6136.0	0.02	1.19	NA	G0V	1.13	
HD_85390	0	1	1	-49 47 25	5186.0	-0.07	NA	NA	K1V	0.76	
HD_85512	0	1	1	-43 30 10	4715.0	-0.33	NA	NA	K5V	0.69	
HD_8574	0	1	1	+28 34 00	6080.0	0.05	1.37	NA	F8	1.17	
HD_86081	0	1	1	-03 48 30	6028.0	0.257	1.22	NA	F8V	1.21	
HD_86226	0	1	1	-24 05 58	5940.0	0.05	1.02	1.5	G2V	1.06	
HD_86264	1	1	1	-15 53 42	6210.0	0.202	1.88	NA	F7V	1.42	
HD_87883	0	1	1	+34 14 32	4980.0	0.093	0.76	NA	K0V	0.82	
HD_88133	0	1	1	+18 11 12	5494.0	0.34	1.93	NA	G5 IV	1.2	
HD_89307	0	1	1	+12 37 15	5950.0	-0.14	1.05	NA	G0V	1.028	
HD_90156	0	1	1	-29 38 44	5599.0	-0.24	NA	NA	G5V	0.84	
HD_92788	1	1	1	-02 11 01	5559.0	0.32	0.99	NA	G5	1.13	
HD_93083	1	1	1	-33 34 37	4995.0	0.15	NA	NA	K3 V	0.7	
HD_93385	0	1	2	-41 27 52	5940.0	NA	NA	NA	G2V	NA	
HD_9446	0	1	2	+29 15 55	5793.0	0.09	1	NA	G5V	1	
HD_95086	0	1	1	-68 40 02	NA	NA	NA	0.017	A8III	1.6	
HD_95089	0	1	1	+01 43 45	5002.0	0.05	4.9	NA	K0 IV	1.58	
HD_95127	1	1	1	+43 48 52.0823	4218	-0.18	20	5.5	K0	1.20	
HD_9578	1	1	1	-38 14 42	5940.0	0.11	NA	NA	G1V	1.12	
HD_96063	1	1	1	-02 13 35	5148.0	-0.30	4.5	NA	K0	1.02	
HD_96127	1	1	1	+44 18 06	4152.0	-0.24	35	NA	K2III	0.91	
HD_96167	1	1	1	-10 17 29	5770.0	0.34	1.86	NA	G5D	1.31	
HD_96700	0	1	2	-30 10 28	5940.0	NA	NA	NA	G0V	NA	
HD_97658	0	1	1	+25 42 37	5119.0	-0.23	0.741	6.1	K1V	0.77	
HD_98219	1	1	1	-23 58 31	4992.0	-0.02	4.5	NA	K0	1.30	
HD_98649	0	1	1	-23 13 02	5759	0.02	1.0	2.3	G4V	1.00	
HD_99109	1	1	1	-01 31 44	5272.0	0.315	NA	NA	K0	0.93	
HD_99706	1	1	1	+43 58 00	4932.0	0.14	5.4	NA	K0	1.72	
HIP_116454	0	1	1	+00 26 43.86	5089	-0.16	0.716	NA	K0	0.775	
HIP_11952	1	1	2	-12 23 03	6040.0	-1.9	1.6	NA	F2V	0.83	
HIP_12961	0	1	1	-23 05 12	3840.0	-0.07	NA	NA	M0V	0.67	
HIP_13044	0	1	1	-36 06 27	6025.0	-2.09	6.7	NA	F2	0.8	
HIP_14810	1	1	3	+21 05 50	5485.0	0.26	1	NA	G5	0.99	
HIP_5158	1	1	2	-22 27 11	4962.0	0.1	NA	NA	K5V	0.78	
HIP_57050	1	1	1	+42 45 07	3190.0	0.32	0.4	NA	M4V	0.34	
HIP_57274	1	1	3	+30 57 33	4640.0	0.09	0.68	NA	K5V	0.73	
HIP_63242	0	1	1	-65 38 47	4839	-0.31	NA	NA	G8III	1.54	
HIP_67851	0	1	2	-35 18 51.7033	4805	-0.03	5.87	NA	K0III	1.30	
HIP_75458	0	1	1	+58 57 57	4445.0	0.15	12.8	NA	K2 III	1.4	
HIP_78530	0	1	1	-21 58 49	10500.0	NA	NA	NA	B9V	2.5	
HIP_79431	1	1	1	-18 52 32	3191.0	0.4	NA	NA	M3V	0.49	
HIP_91258	0	1	1	+61 42 09.0124	5519	0.23	1	2.4	G5V	0.95	
HIP_97233	1	1	1	-00 41 47.93	5020	0.29	5.34	NA	K0	1.93	
HN_Peg	1	1	1	+14 46 19	5940.0	NA	NA	NA	G0V	1	
HR_810	1	1	1	-50 48 12	5997.0	0.25	1.85	NA	G0V pecul.	1.11	
HR_8799	0	1	4	+21 08 03	9790.0	-0.47	1.5	NA	A5V	1.56	
HU_Aqr(AB)	0	1	1	-05 17 41	5700.0	NA	NA	NA	Catac. var.	1	
Kappa_Andromedae	0	1	1	+44 20 02	11361	-0.36	2.29	0.220	B9IV	2.8	
kappa_CrB	1	1	1	+35 39 27	4960.0	0.14	4.71	NA	K1IVa	1.8	
Kapteyn	1	1	2	-45 01 06.2899	3550.0	-0.86	0.291	11.0	M1.0	0.281	
KELT-2A	0	1	1	+30 57 26	6148.0	-0.015	1.842	NA	F7V	1.31	
KELT-3	0	1	1	+40 23 16.981	6304	0.047	1.482	NA	F2	1.282	
KELT-6	0	1	1	+30 38 24	6102	-0.28	1.58	6.1	F8	1.09	
KELT-7	0	1	1	+33 19 05.40	6789	0.139	1.732	1.3	F2	1.535	
Kepler-100	0	1	3	+41 59 24	5825	0.02	1.49	6.46	NA	1.08	
Kepler-101	0	1	2	+48 21 18.84	5667	NA	1.56	5.9	G3IV	1.17	
Kepler-102	0	1	5	+47 12 28	4903	0.08	0.74	1.41	NA	0.80	
Kepler-103	0	1	2	+40 03 52	5845	0.07	1.44	5.70	NA	1.09	
Kepler-104	0	1	3	+42 10 00	5711	NA	1.349	NA	NA	0.8070	
Kepler-105	0	1	2	+46 16 34	5873	NA	1.160	NA	NA	1.1800	
Kepler-106	0	1	4	+44 20 15	5858	-0.12	1.04	4.83	NA	1.00	
Kepler-107	0	1	4	+48 12 30	5851	NA	1.411	NA	NA	1.1830	
Kepler-108	1	1	2	+46 03 44	5854	NA	2.192	NA	NA	0.8900	
Kepler-109	0	1	2	+40 17 05.66	5952	-0.08	1.32	5.73	NA	1.04	
Kepler-10	0	1	2	+50 14 29	5643	-0.15	1.065	10.6	G	0.91	
Kepler-110	0	1	2	+48 36 10	5960	NA	1.149	NA	NA	1.0670	
Kepler-111	0	1	2	+44 41 17	5952	NA	1.157	NA	NA	1.1710	
Kepler-112	0	1	2	+43 12 35	5544	NA	0.841	NA	NA	0.9460	
Kepler-113	0	1	2	+50 56 39	4725	0.05	0.69	6.89	NA	0.75	
Kepler-114	0	1	3	+48 20 58	4605	NA	0.667	NA	NA	0.7090	
Kepler-115	0	1	2	+45 15 42	5979	NA	1.205	NA	NA	1.0400	
Kepler-116	0	1	2	+43 32 12	6142	NA	1.454	NA	NA	1.2060	
Kepler-117	0	1	2	+48 02 24.81	6150	-0.04	1.606	5.3	NA	1.129	
Kepler-118	0	1	2	+41 25 29	5274	NA	1.094	NA	NA	0.7700	
Kepler-119	0	1	2	+42 39 32	5595	NA	0.839	NA	NA	0.9180	
Kepler-11	0	1	6	+41 54 33	5663	NA	1.053	8.1	G	0.961	
Kepler-120	0	1	2	+39 20 20	4096	NA	0.534	NA	NA	0.6540	
Kepler-121	0	1	2	+39 40 40	5311	NA	0.701	NA	NA	0.8590	
Kepler-122	0	1	5	+39 56 56	6050	NA	1.216	NA	NA	1.0700	
Kepler-123	0	1	2	+42 46 55	6089	NA	1.264	NA	NA	NA	
Kepler-124	0	1	3	+49 03 53	4984	NA	0.636	NA	NA	0.8410	
Kepler-125	0	1	2	+47 36 17	3810	NA	0.512	NA	NA	0.5370	
Kepler-126	0	1	3	+44 12 30	6239	NA	1.358	NA	NA	1.1100	
Kepler-127	0	1	3	+46 01 40	6106	NA	1.359	NA	NA	1.2690	
Kepler-128	0	1	2	+43 58 48.64	6090.00	NA	1.55	4.2000	NA	1.17	
Kepler-129	0	1	2	+47 50 54	5770	NA	1.641	NA	NA	1.1850	
Kepler-12	0	1	1	+50 02 25	5947.0	0.07	1.483	NA	G0	1.166	
Kepler-130	0	1	3	+40 14 43	5884	NA	1.127	NA	NA	0.9650	
Kepler-131	0	1	2	+40 56 32	5685	0.12	1.03	3.66	NA	1.02	
Kepler-132	0	1	3	+41 20 34	6003	NA	1.178	NA	NA	NA	
Kepler-133	0	1	2	+48 19 13	5736	NA	1.425	NA	NA	1.0200	
Kepler-134	0	1	2	+49 35 54	5983	NA	1.176	NA	NA	1.0100	
Kepler-135	0	1	2	+38 47 43	6090	NA	1.275	NA	NA	1.1400	
Kepler-136	0	1	2	+42 35 55.73	6165	NA	1.355	NA	NA	1.2040	
Kepler-137	0	1	2	+43 02 20	5187	NA	0.802	NA	NA	0.9080	
Kepler-139	0	1	2	+43 53 21	5594	NA	1.300	NA	NA	1.0840	
Kepler-140	0	1	2	+46 46 05	6077	NA	1.288	NA	NA	1.2070	
Kepler-141	0	1	2	+47 43 54	4910	NA	0.787	NA	NA	1.0010	
Kepler-142	0	1	3	+48 28 52	5790	NA	1.269	NA	NA	0.9880	
Kepler-143	0	1	2	+49 24 45	5848	NA	1.359	NA	NA	1.0080	
Kepler-144	0	1	2	+42 46 31	6075	NA	1.235	NA	NA	1.1540	
Kepler-146	0	1	2	+38 42 36	5948	NA	1.208	NA	NA	1.0900	
Kepler-147	0	1	2	+39 05 13	6012	NA	1.468	NA	NA	0.9800	
Kepler-148	0	1	2	+46 51 31	5272	NA	0.851	NA	NA	0.7770	
Kepler-149	1	1	3	+38 23 02	5381	NA	0.953	NA	NA	0.9090	
Kepler-14	0	1	1	+47 19 59	6395.0	0.12	2.048	NA	F	1.512	
Kepler-150	0	1	4	+40 31 15	5560	NA	0.939	NA	NA	0.9700	
Kepler-151	0	1	2	+41 01 23	5460	NA	0.830	NA	NA	0.8600	
Kepler-152	0	1	2	+41 59 20	5088	NA	0.724	NA	NA	NA	
Kepler-153	0	1	2	+48 15 25	5404	NA	0.892	NA	NA	0.8200	
Kepler-154	0	1	2	+49 53 47	5690	NA	1.001	NA	NA	NA	
Kepler-155	1	1	2	+51 04 54	4508	NA	0.620	NA	NA	0.6350	
Kepler-156	0	1	2	+37 44 58	5094	NA	0.807	NA	NA	0.7370	
Kepler-157	0	1	2	+38 52 32	5774	NA	1.044	NA	NA	1.0280	
Kepler-158	0	1	2	+39 46 52	4623	NA	0.624	NA	NA	0.6550	
Kepler-159	1	1	2	+40 52 07	4625	NA	0.663	NA	NA	0.6280	
Kepler-15	0	1	1	+49 08 24.43	5595.0	0.36	0.992	NA	G	1.018	
Kepler-160	0	1	2	+42 52 09	5857	NA	0.884	NA	NA	0.9930	
Kepler-161	0	1	2	+43 05 01	5078	NA	0.806	NA	NA	0.7830	
Kepler-162	0	1	2	+43 43 26	5816	NA	0.958	NA	NA	0.9530	
Kepler-163	0	1	2	+46 59 14	5776	NA	0.917	NA	NA	0.9600	
Kepler-164	0	1	3	+47 37 47	5888	NA	1.148	NA	NA	1.1500	
Kepler-165	0	1	2	+47 48 35	5211	NA	0.770	NA	NA	0.7900	
Kepler-166	0	1	2	+48 52 52	5413	NA	0.742	NA	NA	0.8790	
Kepler-167	0	1	2	+38 20 43	4796	NA	0.696	NA	NA	0.7130	
Kepler-168	0	1	2	+39 49 30	6282	NA	1.107	NA	NA	1.1200	
Kepler-169	0	1	5	+40 55 09	4997	NA	0.763	NA	NA	0.9180	
Kepler-170	0	1	2	+41 37 46	5679	NA	1.035	NA	NA	1.0890	
Kepler-171	0	1	3	+41 45 19	5642	NA	0.839	NA	NA	0.9310	
Kepler-172	0	1	4	+41 49 18	5526	NA	1.085	NA	NA	0.8500	
Kepler-173	0	1	2	+41 53 02	6031	NA	0.949	NA	NA	1.0600	
Kepler-174	1	1	3	+43 49 55	4880	NA	0.622	NA	NA	0.6020	
Kepler-175	0	1	2	+43 52 34	6064	NA	1.010	NA	NA	1.0450	
Kepler-176	0	1	3	+43 51 11	5232	NA	0.891	NA	NA	NA	
Kepler-178	0	1	3	+46 53 47	5676	NA	1.066	NA	NA	0.8900	
Kepler-179	0	1	2	+47 45 43	5302	NA	0.759	NA	NA	0.8420	
Kepler-17	0	1	1	+47 48 54	5781.0	0.26	1.05	NA	G2V	1.16	
Kepler-180	0	1	2	+49 46 28	5731	NA	1.063	NA	NA	0.9100	
Kepler-181	0	1	2	+50 05 44	5333	NA	0.749	NA	NA	0.8530	
Kepler-182	0	1	2	+50 35 10	6250	NA	1.146	NA	NA	1.1000	
Kepler-183	0	1	2	+39 18 57	5888	NA	0.958	NA	NA	0.9900	
Kepler-184	0	1	3	+43 04 28	5788	NA	0.873	NA	NA	0.9700	
Kepler-185	0	1	2	+43 53 23	5208	NA	0.806	NA	NA	0.7730	
Kepler-186	1	1	5	+43 57 18	3788	-0.28	0.472	NA	NA	0.478	
Kepler-187	0	1	2	+44 05 21	6105	NA	1.287	NA	NA	1.0000	
Kepler-188	0	1	2	+44 18 55	6021	NA	1.141	NA	NA	1.0100	
Kepler-189	0	1	2	+44 18 17	5235	NA	0.750	NA	NA	0.8240	
Kepler-18	0	1	3	+44 44 47	5383.0	0.2	1.108	NA	NA	0.972	
Kepler-190	0	1	2	+44 44 01	5106	NA	0.795	NA	NA	0.8020	
Kepler-191	0	1	2	+45 19 23	5282	NA	0.789	NA	NA	0.8280	
Kepler-192	0	1	2	+45 35 34	5479	NA	1.007	NA	NA	0.9050	
Kepler-193	0	1	2	+46 34 38	6335	NA	1.147	NA	NA	1.1390	
Kepler-194	0	1	3	+47 51 51	6089	NA	1.025	NA	NA	1.0530	
Kepler-195	0	1	2	+47 58 00	5329	NA	0.775	NA	NA	0.8430	
Kepler-196	0	1	2	+42 04 45	5128	NA	0.782	NA	NA	NA	
Kepler-197	0	1	4	+50 33 32.35	6004	NA	1.120	NA	NA	0.8640	
Kepler-198	0	1	2	+38 41 27	5574	NA	0.940	NA	NA	0.9580	
Kepler-199	0	1	2	+40 14 10	5644	NA	0.967	NA	NA	1.0030	
Kepler-19	1	1	2	+37 51 06	5541	-0.13	0.850	1.9	G8V	0.936	
Kepler-200	0	1	2	+41 14 14	5678	NA	0.944	NA	NA	1.0420	
Kepler-201	0	1	2	+41 16 22	6065	NA	1.229	NA	NA	1.1770	
Kepler-202	0	1	2	+41 19 19	4668	NA	0.667	NA	NA	0.6830	
Kepler-203	0	1	3	+41 23 16	5821	NA	1.114	NA	NA	1.0100	
Kepler-204	0	1	2	+41 45 42	5812	NA	1.238	NA	NA	1.0500	
Kepler-205	0	1	2	+41 51 40	4321	NA	0.546	NA	NA	0.5920	
Kepler-206	0	1	3	+41 50 01	5764	NA	1.185	NA	NA	1.0210	
Kepler-207	0	1	3	+42 09 57	5920	NA	1.588	NA	NA	1.0400	
Kepler-208	0	1	4	+42 31 40	6092	NA	1.314	NA	NA	0.9630	
Kepler-209	0	1	2	+42 38 26	5513	NA	0.935	NA	NA	0.9310	
Kepler-20	0	1	5	+42 20 19	5466.0	0.02	0.944	NA	G8	0.912	
Kepler-210	0	1	2	+43 04 59	4559	NA	0.650	0.350	K	0.6120	
Kepler-211	0	1	2	+43 10 06	5123	NA	0.816	NA	NA	0.9140	
Kepler-212	0	1	2	+43 08 29	5852	NA	1.455	NA	NA	1.1660	
Kepler-213	0	1	2	+44 38 49	5696	NA	1.195	NA	NA	0.9760	
Kepler-214	0	1	2	+44 57 21	6169	NA	1.352	NA	NA	1.1500	
Kepler-215	0	1	4	+45 12 49	5739	NA	1.027	NA	NA	0.9770	
Kepler-216	0	1	2	+46 07 44	6091	NA	1.260	NA	NA	1.1290	
Kepler-217	0	1	2	+46 16 39	6171	NA	1.799	NA	NA	1.3830	
Kepler-218	0	1	2	+46 15 59	5502	NA	1.063	NA	NA	1.0190	
Kepler-219	0	1	3	+46 45 45	5786	NA	1.491	NA	NA	1.1710	
Kepler-21	0	1	1	+38 42 50	6131.0	-0.15	1.86	NA	F6IV	1.34	
Kepler-220	0	1	4	+46 53 44	4632	NA	0.666	NA	NA	0.7170	
Kepler-221	0	1	4	+46 50 06	5243	NA	0.821	NA	NA	0.8160	
Kepler-222	0	1	3	+46 56 15	5433	NA	0.869	NA	NA	0.8570	
Kepler-223	0	1	4	+47 16 46	5829	NA	1.017	NA	NA	0.9500	
Kepler-224	0	1	4	+47 21 27	5018	NA	0.676	NA	NA	0.8250	
Kepler-225	0	1	2	+47 27 25	3682	NA	0.480	NA	NA	NA	
Kepler-226	0	1	3	+47 52 51	5571	NA	0.802	NA	NA	0.9120	
Kepler-227	0	1	2	+48 08 29	5854	NA	1.091	NA	NA	0.9200	
Kepler-228	0	1	3	+48 13 28	6043	NA	1.014	NA	NA	1.0400	
Kepler-229	0	1	3	+48 22 32	5120	NA	0.728	NA	NA	0.7940	
Kepler-22	1	1	1	+47 53 04	5510.0	NA	0.979	NA	G5	0.97	
Kepler-230	0	1	2	+48 30 21	5588	NA	0.817	NA	NA	0.9180	
Kepler-231	0	1	2	+50 31 54	3767	NA	0.490	NA	NA	0.5800	
Kepler-232	0	1	2	+51 07 18	5847	NA	0.968	NA	NA	0.9640	
Kepler-233	0	1	2	+51 19 10	5360	NA	0.758	NA	NA	0.8550	
Kepler-234	0	1	2	+38 29 40	6224	NA	1.113	NA	NA	1.0900	
Kepler-235	1	1	4	+39 16 41	4255	NA	0.554	NA	NA	0.5810	
Kepler-236	0	1	2	+39 53 53	3750	NA	0.510	NA	NA	0.5490	
Kepler-237	0	1	2	+40 25 18	4861	NA	0.725	NA	NA	0.6960	
Kepler-238	0	1	5	+40 38 16	5751	NA	1.430	NA	NA	0.9700	
Kepler-239	0	1	2	+40 39 48	4914	NA	0.763	NA	NA	0.7570	
Kepler-23	0	1	3	+49 28 45	5828	NA	1.548	NA	NA	1.1900	
Kepler-240	0	1	2	+40 45 00	4985	NA	0.739	NA	NA	0.7530	
Kepler-241	0	1	2	+41 03 39	4699	NA	0.668	NA	NA	0.6710	
Kepler-242	0	1	2	+41 48 30	5020	NA	0.850	NA	NA	0.7200	
Kepler-243	0	1	2	+42 02 02	5228	NA	0.842	NA	NA	0.7890	
Kepler-244	0	1	3	+42 18 04	5554	NA	0.803	NA	NA	0.9100	
Kepler-245	0	1	3	+42 26 10	5100	NA	0.795	NA	NA	0.7770	
Kepler-246	0	1	2	+42 39 48	5206	NA	0.831	NA	NA	0.7590	
Kepler-247	0	1	3	+43 02 21	5100	NA	0.768	NA	NA	0.7730	
Kepler-248	0	1	2	+43 34 52	5190	NA	0.831	NA	NA	NA	
Kepler-249	0	1	3	+43 39 30	3568	NA	0.482	NA	NA	0.5060	
Kepler-24	0	1	4	+38 20 37	5897	NA	1.289	NA	NA	1.0200	
Kepler-250	0	1	3	+44 08 31	5160	NA	0.805	NA	NA	0.7530	
Kepler-251	0	1	4	+44 06 21	5526	NA	0.890	NA	NA	0.9600	
Kepler-252	0	1	2	+44 32 45	4208	NA	0.549	NA	NA	0.6100	
Kepler-253	0	1	3	+44 51 29	5208	NA	0.786	NA	NA	0.8080	
Kepler-254	0	1	3	+45 48 59	5957	NA	0.910	NA	NA	1.0210	
Kepler-255	0	1	2	+45 58 36	5573	NA	0.933	NA	NA	0.8780	
Kepler-256	0	1	4	+46 05 50	5551	NA	1.301	NA	NA	1.0000	
Kepler-257	0	1	3	+46 01 23	5180	NA	1.037	NA	NA	0.7400	
Kepler-258	0	1	2	+46 34 45	4942	NA	0.915	NA	NA	0.7000	
Kepler-259	0	1	2	+46 36 54	5938	NA	0.898	NA	NA	1.0150	
Kepler-25	0	1	3	+38 20 37	6190.0	NA	1.36	NA	F	1.22	
Kepler-260	0	1	2	+38 00 50	5250	NA	0.862	NA	NA	0.9000	
Kepler-261	0	1	2	+37 36 33	5098	NA	0.794	NA	NA	0.8760	
Kepler-262	0	1	2	+37 15 09	5841	NA	0.881	NA	NA	NA	
Kepler-263	0	1	2	+37 34 04	5265	NA	0.785	NA	NA	0.8010	
Kepler-264	0	1	2	+37 22 34	6158	NA	1.550	NA	NA	1.3700	
Kepler-265	0	1	4	+41 14 41	5835	NA	1.103	NA	NA	1.1500	
Kepler-266	0	1	2	+44 10 00	5885	NA	1.028	NA	NA	1.0600	
Kepler-267	1	1	3	+47 09 26	4258	NA	0.555	NA	NA	0.5520	
Kepler-268	0	1	2	+38 03 18	6081	NA	1.274	NA	NA	1.1300	
Kepler-269	0	1	2	+41 46 33	5847	NA	0.959	NA	NA	1.0400	
Kepler-26	1	1	4	+46 33 59	4486	NA	0.571	NA	NA	0.6340	
Kepler-270	0	1	2	+44 25 20	6067	NA	1.461	NA	NA	1.1700	
Kepler-271	0	1	2	+44 17 03	5524	NA	0.880	NA	NA	NA	
Kepler-272	0	1	3	+47 35 37	5297	NA	0.929	NA	NA	0.7900	
Kepler-273	0	1	2	+47 41 51	5626	NA	0.815	NA	NA	0.9160	
Kepler-274	0	1	2	+38 28 38	6023	NA	1.007	NA	NA	NA	
Kepler-275	0	1	3	+38 30 53	6165	NA	1.383	NA	NA	1.1980	
Kepler-276	0	1	3	+39 02 10	6105	NA	1.046	NA	NA	1.0500	
Kepler-277	0	1	2	+39 04 37	5946.00	NA	1.65	5.0000	NA	1.19	
Kepler-278	0	1	2	+38 42 08	4991	NA	2.935	NA	NA	1.0790	
Kepler-279	0	1	3	+42 11 41	6363	NA	1.746	NA	NA	1.3100	
Kepler-27	0	1	2	+41 05 09	5400.0	0.41	0.59	NA	NA	0.65	
Kepler-280	0	1	2	+42 10 50	5744	NA	0.886	NA	NA	0.9570	
Kepler-281	0	1	2	+44 46 14	5723	NA	0.899	NA	NA	0.9430	
Kepler-282	0	1	4	+44 47 51	5602	NA	0.904	NA	NA	1.0820	
Kepler-283	1	1	2	+47 50 20	4351	NA	0.566	NA	NA	0.5960	
Kepler-284	0	1	2	+47 43 46	5615	NA	0.814	NA	NA	0.9230	
Kepler-285	0	1	2	+48 03 56	5411	NA	0.808	NA	NA	0.8650	
Kepler-286	0	1	4	+48 17 39	5580	NA	0.863	NA	NA	1.0300	
Kepler-287	0	1	2	+48 26 36	5806	NA	1.032	NA	NA	0.9300	
Kepler-288	0	1	3	+39 35 40	5918	NA	1.091	NA	NA	1.0800	
Kepler-289	0	1	3	+42 52 58	5990	0.05	1.00	NA	NA	1.08	
Kepler-28	0	1	2	+42 25 45	4590.0	0.34	0.70	NA	K4V	0.75	
Kepler-290	0	1	2	+42 40 53	5147	NA	0.743	NA	NA	0.7980	
Kepler-291	0	1	2	+42 26 14	6002	NA	1.016	NA	NA	1.0100	
Kepler-292	0	1	5	+42 25 27	5299	NA	0.826	NA	NA	0.8340	
Kepler-293	0	1	2	+42 24 23	5804	NA	0.957	NA	NA	0.9530	
Kepler-294	0	1	2	+46 03 33	5913	NA	0.976	NA	NA	0.9940	
Kepler-295	0	1	3	+45 22 04	5603	NA	0.898	NA	NA	0.8850	
Kepler-297	0	1	2	+48 46 39	5619	NA	0.915	NA	NA	1.0700	
Kepler-298	1	1	3	+48 49 31	4465	NA	0.582	NA	NA	0.6600	
Kepler-299	0	1	4	+48 34 49	5617	NA	1.032	NA	NA	1.0010	
Kepler-29	0	1	2	+47 29 28	5750.0	NA	0.96	NA	G5V	1.0	
Kepler-300	0	1	2	+48 35 58	5986	NA	0.900	NA	NA	1.0350	
Kepler-301	0	1	3	+49 13 58	5815	NA	0.900	NA	NA	0.9700	
Kepler-302	0	1	2	+43 37 45	5740	NA	1.220	NA	NA	1.0210	
Kepler-303	0	1	2	+43 39 25	3944	NA	0.485	NA	NA	0.5750	
Kepler-304	0	1	3	+40 33 27	4731	NA	0.687	NA	NA	0.6870	
Kepler-305	0	1	3	+40 20 35	5100	NA	0.794	NA	NA	0.9000	
Kepler-306	0	1	4	+40 36 58	4954	NA	0.719	NA	NA	0.9300	
Kepler-307	0	1	3	+40 25 03	5577.00	NA	1.03	13.5000	NA	0.78	
Kepler-308	0	1	2	+40 26 22	5895	NA	0.941	NA	NA	0.9970	
Kepler-309	1	1	2	+46 57 40	4713	NA	0.721	NA	NA	0.6660	
Kepler-310	0	1	3	+46 59 12	5797	NA	0.876	NA	NA	0.9700	
Kepler-311	0	1	2	+47 05 07	5905	NA	1.188	NA	NA	NA	
Kepler-312	0	1	2	+42 27 35	6115	NA	1.467	NA	NA	NA	
Kepler-313	0	1	2	+48 46 31	5727	NA	1.536	NA	NA	0.9600	
Kepler-314	0	1	2	+42 04 32	5378	NA	0.950	NA	NA	1.0240	
Kepler-315	1	1	2	+43 21 48	5796	NA	1.037	NA	NA	NA	
Kepler-316	0	1	2	+44 11 02	4204	NA	0.520	NA	NA	0.5870	
Kepler-317	0	1	2	+39 01 55	5497	NA	0.941	NA	NA	0.8160	
Kepler-318	0	1	2	+46 47 37	5746	NA	1.189	NA	NA	0.9800	
Kepler-319	0	1	3	+39 46 14	5526	NA	0.903	NA	NA	0.9600	
Kepler-31	0	1	3	+45 51 11	6034	NA	1.306	NA	NA	1.2080	
Kepler-320	0	1	2	+46 10 30	6435	NA	1.108	NA	NA	1.1800	
Kepler-321	0	1	2	+44 08 45	5740	NA	1.194	NA	NA	0.8980	
Kepler-322	0	1	2	+44 17 42	5388	NA	0.890	NA	NA	0.9000	
Kepler-323	0	1	2	+38 07 38	5987	NA	1.178	NA	NA	1.1600	
Kepler-324	0	1	2	+49 38 56	5194	NA	0.840	NA	NA	0.8500	
Kepler-325	0	1	3	+49 49 32	5752	NA	1.003	NA	NA	0.9180	
Kepler-326	0	1	3	+46 00 08	5105	NA	0.801	NA	NA	0.9140	
Kepler-327	0	1	3	+44 05 15	3799	NA	0.492	NA	NA	0.5470	
Kepler-329	0	1	2	+45 13 38	4257	NA	0.523	NA	NA	0.6020	
Kepler-32	0	1	5	+46 34 27	3900.0	NA	0.53	NA	NA	0.58	
Kepler-330	0	1	2	+44 48 06	5117	NA	0.722	NA	NA	0.7920	
Kepler-331	0	1	3	+39 18 26	4347	NA	0.492	NA	NA	0.6530	
Kepler-332	0	1	3	+47 24 49	4955	NA	0.720	NA	NA	NA	
Kepler-333	0	1	2	+40 54 48	4259	NA	0.534	NA	NA	0.6010	
Kepler-334	0	1	3	+47 06 54	5828	NA	1.068	NA	NA	1.0600	
Kepler-335	0	1	2	+45 25 43	5877	NA	1.854	NA	NA	NA	
Kepler-336	0	1	3	+41 19 52	5867	NA	1.304	NA	NA	1.0570	
Kepler-337	0	1	2	+47 09 50	5684	NA	1.761	NA	NA	1.0210	
Kepler-338	0	1	4	+40 47 03	5923	NA	1.735	NA	NA	1.1010	
Kepler-339	0	1	3	+48 26 40	5631	NA	0.802	NA	NA	0.9340	
Kepler-33	0	1	5	+46 00 18	5904.0	0.0250	1.82	4.27	NA	1.291	
Kepler-340	0	1	2	+40 18 02	6620	NA	1.850	NA	NA	NA	
Kepler-341	0	1	4	+43 28 21	6012	NA	1.024	NA	NA	1.0120	
Kepler-342	0	1	3	+46 43 36	6175	NA	1.472	NA	NA	NA	
Kepler-343	0	1	2	+42 25 58	5807	NA	1.433	NA	NA	NA	
Kepler-344	0	1	2	+46 19 27	5774	NA	0.976	NA	NA	0.9300	
Kepler-345	0	1	2	+45 58 15	4504	NA	0.623	NA	NA	0.6100	
Kepler-346	0	1	2	+46 07 03	6033	NA	1.021	NA	NA	1.0200	
Kepler-347	0	1	2	+49 18 20	6088	NA	1.005	NA	NA	NA	
Kepler-348	0	1	2	+40 32 54	6177	NA	1.359	NA	NA	NA	
Kepler-349	0	1	2	+44 36 56	5956	NA	0.927	NA	NA	1.0170	
Kepler-350	0	1	3	+39 42 21	6186	NA	1.534	NA	NA	1.1300	
Kepler-351	0	1	2	+42 39 28	5643	NA	0.854	NA	NA	NA	
Kepler-352	0	1	2	+46 03 07	5212	NA	0.781	NA	NA	NA	
Kepler-353	0	1	2	+41 45 29	3903	NA	0.504	NA	NA	0.5530	
Kepler-354	0	1	3	+41 20 08	4648	NA	0.674	NA	NA	NA	
Kepler-355	0	1	2	+42 48 42	6184	NA	1.066	NA	NA	1.0900	
Kepler-356	0	1	2	+37 40 58	6133	NA	1.335	NA	NA	1.1300	
Kepler-357	0	1	3	+44 00 31	5036	NA	0.834	NA	NA	0.7270	
Kepler-358	0	1	2	+48 16 52	5908	NA	0.954	NA	NA	0.9980	
Kepler-359	0	1	3	+42 11 46	6248	NA	1.086	NA	NA	NA	
Kepler-360	0	1	2	+44 46 53	6053	NA	1.058	NA	NA	1.0250	
Kepler-361	0	1	2	+46 44 28	6169	NA	1.343	NA	NA	NA	
Kepler-362	0	1	2	+47 31 47	5788	NA	0.722	NA	NA	NA	
Kepler-363	0	1	3	+41 18 19	5593	NA	1.485	NA	NA	1.0700	
Kepler-364	0	1	2	+47 23 55	6108	NA	1.284	NA	NA	1.2000	
Kepler-365	0	1	2	+49 07 49	6012	NA	1.048	NA	NA	NA	
Kepler-366	0	1	2	+49 05 03	6209	NA	1.048	NA	NA	1.1000	
Kepler-367	1	1	2	+49 58 53	4710	NA	0.695	NA	NA	0.6770	
Kepler-368	0	1	2	+45 23 16	5502	NA	2.019	NA	NA	0.9700	
Kepler-369	1	1	2	+47 54 30	3591	NA	0.471	NA	NA	0.4700	
Kepler-36	0	1	2	+49 13 54	5911.0	NA	1.619	NA	NA	1.071	
Kepler-370	0	1	2	+40 54 58	5852	NA	0.900	NA	NA	NA	
Kepler-371	0	1	2	+38 39 27	5666	NA	0.992	NA	NA	NA	
Kepler-372	0	1	3	+49 15 32	6509	NA	1.137	NA	NA	1.2020	
Kepler-373	0	1	2	+50 35 49	5787	NA	0.845	NA	NA	0.9780	
Kepler-374	0	1	3	+42 22 13	5977	NA	0.911	NA	NA	1.0300	
Kepler-375	0	1	2	+48 05 54	5826	NA	0.837	NA	NA	0.9850	
Kepler-376	0	1	2	+38 24 37	5900	NA	1.175	NA	NA	1.1400	
Kepler-377	0	1	2	+38 44 08	5949	NA	1.224	NA	NA	1.1040	
Kepler-378	0	1	2	+46 26 19	4661	NA	0.671	NA	NA	0.6660	
Kepler-379	0	1	2	+38 56 44	6054	NA	1.306	NA	NA	1.1100	
Kepler-37	0	1	4	+44 31 05	5417	-0.32	0.770	6	NA	0.803	
Kepler-380	0	1	2	+48 45 32	6045	NA	1.224	NA	NA	1.1100	
Kepler-381	0	1	2	+43 49 51	6152	NA	1.568	NA	NA	1.3780	
Kepler-382	0	1	2	+45 52 11	5600	NA	0.945	NA	NA	0.8740	
Kepler-383	0	1	2	+38 21 47	4710	NA	0.672	NA	NA	0.6690	
Kepler-384	0	1	2	+44 46 58	5577	NA	0.882	NA	NA	0.9940	
Kepler-385	0	1	2	+50 20 11	6326	NA	1.126	NA	NA	1.1000	
Kepler-386	0	1	2	+48 41 37	5178	NA	0.767	NA	NA	0.7810	
Kepler-387	0	1	2	+45 39 24	5774	NA	1.046	NA	NA	1.1300	
Kepler-388	0	1	2	+44 36 31	4498	NA	0.586	NA	NA	0.6350	
Kepler-389	0	1	2	+44 54 00	5376	NA	0.792	NA	NA	NA	
Kepler-390	0	1	2	+41 12 30	5166	NA	0.776	NA	NA	0.8440	
Kepler-391	0	1	2	+51 03 26	4940	NA	3.569	NA	NA	NA	
Kepler-392	0	1	2	+43 22 05	5938	NA	1.129	NA	NA	NA	
Kepler-393	0	1	2	+45 11 31	6189	NA	1.382	NA	NA	1.3800	
Kepler-394	0	1	2	+50 40 20	6402	NA	1.132	NA	NA	1.1700	
Kepler-395	1	1	2	+45 08 11	4262	NA	0.556	NA	NA	0.5470	
Kepler-397	1	1	2	+42 22 49	5307	NA	0.767	NA	NA	0.8440	
Kepler-398	0	1	2	+40 20 37	4493	NA	0.613	NA	NA	0.6490	
Kepler-399	0	1	3	+40 40 14	5502	NA	0.680	NA	NA	0.9270	
Kepler-400	0	1	2	+40 28 48	5886	NA	1.145	NA	NA	1.0300	
Kepler-401	0	1	2	+50 51 48	6117	NA	1.333	NA	NA	NA	
Kepler-402	0	1	4	+43 21 16	6090	NA	1.264	NA	NA	NA	
Kepler-403	0	1	2	+46 44 40	6090	NA	1.329	NA	NA	NA	
Kepler-404	0	1	2	+45 20 36	5654	NA	0.884	NA	NA	0.9250	
Kepler-405	0	1	2	+38 20 24	5818	NA	0.893	NA	NA	1.0200	
Kepler-406	0	1	2	+44 58 05	5538	0.18	1.07	5.84	NA	1.07	
Kepler-407	0	1	2	+49 36 52	5476	0.33	1.01	7.47	NA	1.00	
Kepler-409	0	1	1	+46 51 09	5460	0.08	0.89	6.80	NA	0.92	
Kepler-412	0	1	1	+43 40 51	5750	0.27	1.287	5.1	G3V	1.167	
Kepler-418	0	1	1	+38 21 19.62	5820	-0.05	1.09	NA	NA	0.98	
Kepler-41	0	1	1	+48 58 54	5750	0.38	1.29	4.4	G2V	1.15	
Kepler-421	1	1	1	+45 05 16	5308	-0.25	0.757	4	NA	0.794	
Kepler-422	0	1	1	+46 19 24	5972.00	NA	1.24	1.5000	NA	1.15	
Kepler-423	0	1	1	+46 23 28	5976.00	NA	0.99	0.3000	NA	1.07	
Kepler-424	1	1	2	+48 34 38	5460	0.44	0.94	12.2000	NA	1.01	
Kepler-42	2	1	3	+43 37 09	NA	-0.3	0.17	NA	M3V	0.13	
Kepler-430	0	1	2	+49 34 46.0	5884	NA	1.485	NA	NA	1.166	
Kepler-431	0	1	3	+43 13 40.0	6004	NA	1.092	NA	NA	1.071	
Kepler-434	0	1	1	+42 45 44.08	5970	0.35	1.38	NA	NA	1.198	
Kepler-436	0	1	2	+44 24 43.4	4651	0.01	0.697	3.0	NA	0.729	
Kepler-437	0	1	1	+44 01 37.0	4551	0.00	0.680	2.9	NA	0.707	
Kepler-438	0	1	1	+41 57 03.9	3748	0.16	0.520	4.4	NA	0.544	
Kepler-439	1	1	1	+44 02 02.4	5431	0.02	0.866	7.2	NA	0.884	
Kepler-440	1	1	1	+41 27 07.9	4134	-0.30	0.559	1.3	NA	0.575	
Kepler-441	0	1	1	+49 00 45.2	4340	-0.57	0.550	1.9	NA	0.0572	
Kepler-442	1	1	1	+39 16 48.3	4402	-0.37	0.598	2.9	NA	0.609	
Kepler-443	1	1	1	+49 58 07.1	4723	-0.01	0.706	3.2	NA	0.738	
Kepler-444	0	1	5	+41 38 04.5682	5046	-0.55	0.752	11.23	K0V	0.758	
Kepler-445	0	1	3	+46 29 55.08	3157	0.27	0.21	NA	M4	0.18	
Kepler-446	2	1	3	+44 55 15.99	3359	-0.30	0.24	NA	M4	0.22	
Kepler-447	0	1	1	+48 33 36.05	5493	0.07	0.872	NA	G8V	0.764	
Kepler-44	0	1	1	+45 45 44	5800	0.15	1.35	5.8	G2IV	1.12	
Kepler-45	0	1	1	+41 03 51	3820	0.08	0.55	13.9000	M	0.59	
Kepler-46	0	1	3	+42 36 15	5309	0.410	0.790	NA	NA	0.8200	
Kepler-48	0	1	4	+40 56 56	5190.0	NA	0.89	NA	NA	0.89	
Kepler-49	0	1	4	+40 35 30	4252	NA	0.559	NA	NA	0.5490	
Kepler-4	0	1	1	+50 08 09	5857.0	0.17	1.487	NA	G0	1.223	
Kepler-50	0	1	2	+50 02 01	6225	0.03	1.58	3.8	NA	1.24	
Kepler-51	0	1	3	+49 56 15	6018.00	NA	0.9400	0.3000	NA	1.0400	
Kepler-52	1	1	3	+49 58 32	4263	NA	0.556	NA	NA	0.5770	
Kepler-53	0	1	3	+40 33 44	6085	NA	0.958	NA	NA	1.0650	
Kepler-54	1	1	3	+43 03 22	4252	NA	0.554	NA	NA	0.5140	
Kepler-55	1	1	5	+44 01 35	4503	NA	0.619	NA	NA	0.6310	
Kepler-56	1	1	3	+41 52 18.7	4840	0.20	4.22	3.5	NA	1.32	
Kepler-57	0	1	2	+44 39 25	5145.0	NA	0.73	NA	NA	0.83	
Kepler-58	0	1	3	+39 06 54	6099	NA	1.127	NA	NA	1.0400	
Kepler-59	0	1	2	+46 38 24	6074.0	NA	0.94	NA	NA	1.04	
Kepler-5	0	1	1	+44 02 06	6297.0	0.04	1.793	NA	NA	1.374	
Kepler-60	0	1	3	+45 47 20	5915.0	NA	1.5	NA	NA	1.11	
Kepler-61	0	1	1	+42 28 31	4017	0.03	0.62	NA	K7V	0.35	
Kepler-62	2	1	5	+45 20 59	4925	-0.37	0.63	7	K2V	0.69	
Kepler-63	0	1	1	+49 32 54	5576	0.05	0.901	NA	NA	0.984	
Kepler-65	0	1	3	+41 09 04	6211	0.17	1.41	2.9	F	1.25	
Kepler-66	0	1	1	+46 41 16	5962	0.012	0.966	1	G0V	1.038	
Kepler-67	0	1	1	+46 09 59	5331	0.012	0.778	1	G9V	0.865	
Kepler-68	1	1	3	+49 02 25	5793	0.12	1.243	6.3	G	1.079	
Kepler-69	1	1	2	+44 52 08	5638	-0.29	0.93	NA	G4V	0.81	
Kepler-6	0	1	1	+48 14 24	5647.0	0.34	1.391	NA	NA	1.209	
Kepler-71	0	1	1	+46 17 09	5543.00	NA	0.8870	0.4000	NA	0.9230	
Kepler-74	0	1	1	+41 21 20	6000	0.42	1.12	0.8	F8V	1.18	
Kepler-75	0	1	1	+36 34 39	5200	0.30	0.89	6.2	K0V	0.91	
Kepler-76	0	1	1	+39 37 08	6409	-0.1	1.32	NA	G2V	1.2	
Kepler-77	0	1	1	+44 20 44	5520.00	0.2	0.99	7.5	G5V	0.95	
Kepler-79	0	1	4	+44 22 53.44	6189	NA	1.403	NA	NA	1.1800	
Kepler-7	0	1	1	+41 05 23	5933.0	0.11	2.02	NA	G0	1.36	
Kepler-80	0	1	4	+39 58 43	4613	NA	0.637	NA	NA	0.7220	
Kepler-81	0	1	3	+42 49 29	4500	NA	0.595	NA	NA	0.6480	
Kepler-82	0	1	4	+42 57 58	5428	NA	0.945	NA	NA	0.9220	
Kepler-83	0	1	3	+43 39 56	4648	NA	0.594	NA	NA	0.6640	
Kepler-84	0	1	5	+40 29 45	6031	NA	1.169	NA	NA	1.0200	
Kepler-85	0	1	4	+45 17 25	5436	NA	0.893	NA	NA	0.9410	
Kepler-87	0	1	2	+46 57 54	5600	-0.17	1.82	7.5	NA	1.05	
Kepler-89	0	1	4	+41 53 28	6182	0.0228	1.52	3.16	F	1.277	
Kepler-8	0	1	1	+42 27 04	6213.0	-0.055	1.486	NA	F	1.213	
Kepler-90	1	1	7	+49 18 19	5930	-0.17	1.2	0.5300	NA	1.1400	
Kepler-91	0	1	1	+44 07 00	4550	0.11	6.30	NA	NA	1.31	
Kepler-93	1	1	2	+38 40 20.450	5669	-0.18	0.919	6.6	NA	0.911	
Kepler-94	0	1	2	+47 29 49	4781	0.34	0.76	1.41	NA	0.81	
Kepler-95	0	1	1	+44 23 52	5699	0.30	1.41	5.63	NA	1.08	
Kepler-96	0	1	1	+40 31 30	5690	0.04	1.02	2.34	NA	1.00	
Kepler-97	1	1	2	+48 40 24	5779	-0.20	0.98	8.42	NA	0.94	
Kepler-98	0	1	1	+37 57 52	5539	0.18	1.11	2.79	NA	0.99	
Kepler-99	0	1	1	+41 18 00	4782	0.18	0.73	1.47	NA	0.79	
Kepler-9	0	1	3	+38 24 03	5722.0	0.17	1.23	NA	G2	1.05	
KIC_10001893	0	1	3	+46 59 04.16	27500	NA	0.24	NA	sdB	0.47	
KIC_10905746	0	1	1	+48 23 28	NA	-0.23	0.548	NA	NA	0.578	
KIC_6185331	0	1	1	+41 32 06	NA	0.11	1.27	NA	NA	1.027	
KIC_8435766	0	1	1	+44 26 54.28	5121	-0.08	0.74	0.625	G	0.83	
KOI-1194	0	1	3	+38 38 20.9	4523	NA	0.643	NA	NA	0.674	
KOI-12	0	1	1	+41 00 39.56	6820	NA	1.63	1.5	NA	1.452	
KOI-135	0	1	1	+46 40 06	6050	0.40	1.38	2.3	F8V	1.27	
KOI-142	0	1	2	+40 40 09	5513	0.37	0.961	2.45	B	1.022	
KOI-1474	1	1	2	+51 11 05.2	6370	0.14	1.75	NA	NA	1.39	
KOI-1612	0	1	1	+48 25 23	6104	-0.20	1.23	NA	NA	1.08	
KOI-1781	0	1	3	+49 31 23.7	4974	NA	0.79	NA	NA	0.83	
KOI-183	0	1	1	+46 23 28	5560	-0.10	0.95	11	G4V	0.85	
KOI-1843	0	1	3	+40 13 14.7	3584	0.0	0.45	NA	NA	0.46	
KOI-1860	0	1	4	+39 13 38.2	NA	NA	1.075	NA	NA	0.999	
KOI-1873	0	1	2	+40 00 30	6134.00	NA	0.9700	0.3000	NA	0.98	
KOI-188	0	1	1	+40 34 04	5170	0.24	0.86	5	K1V	0.93	
KOI-1894	0	1	1	+49 47 51.18	4992	NA	3.790	NA	NA	1.410	
KOI-192	0	1	1	+43 42 18	5800	-0.19	1.35	7	G2V	0.96	
KOI-195	0	1	1	+49 28 24	5725	-0.21	0.92	3	G1V	0.91	
KOI-206	0	1	1	+40 58 38.17	6340	0.06	2.26	NA	NA	1.46	
KOI-2113	0	1	2	+42 46 46.9	5376	NA	0.806	NA	NA	0.897	
KOI-2672	0	1	2	+48 58 39	5565	NA	1.04	NA	NA	0.95	
KOI-285	0	1	3	+41 33 47	5883.00	NA	1.53	5.2000	NA	1.17	
KOI-314	0	1	3	+43 17 34	3871	NA	0.54	NA	M1V	0.57	
KOI-341	0	1	2	+48 14 39.7	5523	NA	0.946	NA	NA	0.892	
KOI-368	0	1	1	+42 05 12	9257.00	0.4	2.5	0.25	NA	2.3	
KOI-370	0	1	2	+44 31 44	6022.00	NA	1.98	4.2100	NA	1.26	
KOI-372	1	1	2	+41 52 00.3	5820	-0.01	1.122	1.0	G2V	1.014	
KOI-423	0	1	1	+46 02 04	6350	0.10	1.25	1.0	F7V	1.26	
KOI-428	0	1	1	+47 31 36	NA	0.1	2.13	NA	F5IV	1.48	
KOI-4427	1	1	1	+39 16 26.7	3813	-0.07	0.505	3.6	NA	0.526	
KOI-523	0	1	2	+45 03 11	6197.00	NA	0.98	1.8000	NA	0.93	
KOI-55	0	1	2	+41 05 34	27730.0	NA	0.203	NA	sdB	0.496	
KOI-680	0	1	1	+43 11 50.21	6090	-0.17	3.21	NA	NA	1.538	
KOI-806	0	1	3	+38 56 50	5498.0	0.18	0.95	NA	G	0.99	
KOI-830	0	1	1	+40 34 39	5150	0.09	0.80	5	K1V	0.87	
LkCa_15	0	1	1	+22 21 03	5150.0	NA	NA	NA	K5V	0.97	
Lupus-TR_3	0	1	1	-42 58 41.5	5000	0.02	0.82	NA	K1V	0.87	
MOA-2007-BLG-192-L	0	1	1	-27 09 00	3840.0	NA	NA	NA	M	0.06	
MOA-2007-BLG-400-L	0	1	1	-29 13 27	5700.0	NA	NA	NA	NA	0.35	
MOA-2008-BLG-310-L	0	1	1	-34 46 41	5700.0	NA	NA	NA	GV	0.67	
MOA-2008-BLG-379L	0	1	1	-30 11 49	NA	NA	NA	NA	NA	0.56	
MOA-2009-BLG-266L	0	1	1	-35 00 19	5700.0	NA	NA	NA	NA	0.56	
MOA-2009-BLG-319	0	1	1	-26 49 11	5150.0	NA	NA	NA	K	0.38	
MOA-2009-BLG-387L	0	1	1	-33 59 25	3840.0	NA	NA	NA	M	0.19	
MOA-2010-BLG-073L	0	1	1	-26 31 22	3840.0	NA	NA	NA	M	0.16	
MOA-2010-BLG-328L	0	1	1	-30 43 55	NA	NA	NA	NA	NA	0.11	
MOA-2010-BLG-477L	0	1	1	-31 27 16	5150.0	NA	NA	NA	K	0.67	
MOA-2011-BLG-262L	0	1	1	-31 14 42.93	NA	NA	NA	NA	NA	0.12	
MOA-2011-BLG-293L	1	1	1	-28 28 37	5180.0	NA	0.82	NA	G	0.86	
MOA-2011-BLG-322	0	1	1	-27 13 15	NA	NA	NA	NA	G	0.31	
MOA-2012-BLG-311	1	1	1	-25 57 04	5460	NA	NA	NA	NA	NA	
MOA-2013-BLG-220L	0	1	1	-28 27 19	NA	NA	NA	NA	NA	0.05	
MOA-bin-1	0	1	1	-29 47 38	5700.0	NA	NA	NA	NA	0.75	
mu_Arae	2	1	4	-51 50 02	5700.0	0.28	1.245	NA	G3 IV-V	1.08	
mu_Leo	0	1	1	+26 00 23	4538.2	0.36	11.4	3.35	K2III	1.5	
NGC_2423_3	0	1	1	-13 54 24	5700.0	0.14	NA	NA	GIV/V	2.4	
NGC_4349_No_127	0	1	1	-61 52 18	5700.0	NA	NA	NA	NA	3.9	
nu_Oph	1	1	2	-09 46 25	4928	NA	15.1	NA	K0III	3.04	
OGLE-05-071L	0	1	1	-34 40 23	5700.0	NA	NA	NA	NA	0.46	
OGLE-05-169L	0	1	1	-30 43 57	5700.0	NA	NA	NA	NA	0.49	
OGLE-05-390L	0	1	1	-30 22 38	3840.0	NA	NA	NA	M	0.22	
OGLE-06-109L	0	1	2	-30 05 16	5700.0	NA	NA	NA	NA	0.51	
OGLE-2007-BLG-368L	0	1	1	-32 14 15	5700.0	NA	NA	NA	NA	0.64	
OGLE-2008-BLG-355L	0	1	1	-30 45 34	NA	NA	NA	NA	NA	0.37	
OGLE-2011-BLG-0251	0	1	1	-27 08 10	NA	NA	NA	NA	M	0.26	
OGLE-2011-BLG-0265L	0	1	1	-27 23 40.3	NA	NA	NA	NA	M3.5	0.23	
OGLE-2012-BLG-0026L	0	1	2	-27 08 33	NA	NA	NA	NA	NA	0.82	
OGLE-2012-BLG-0358L	0	1	1	-24 15 40	NA	NA	NA	NA	NA	0.022	
OGLE-2012-BLG-0406L	0	1	1	-30 28 16	NA	NA	NA	NA	NA	0.59	
OGLE235-MOA53	0	1	1	-28 53 42	5700.0	NA	NA	NA	NA	0.63	
OGLE2-TR-L9	0	1	1	-61 08 46	6933.0	-0.05	1.53	NA	F3	1.52	
OGLE-TR-10	0	1	1	-29 52 34	6075.0	0.28	1.52	NA	G2V	1.277	
OGLE-TR-111	0	1	1	-61 24 20	5070.0	0.12	0.831	NA	G	0.82	
OGLE-TR-113	0	1	1	-61 26 48	4752.0	0.14	0.765	NA	K	0.78	
OGLE-TR-132	0	1	1	-61 57 25	6210.0	0.37	1.35	NA	F	1.19	
OGLE-TR-182	0	1	1	-61 05 43	5924.0	0.37	1.14	NA	NA	1.14	
OGLE-TR-211	0	1	1	-62 27 20	6325.0	0.11	1.64	NA	NA	1.33	
OGLE-TR-56	0	1	1	-29 32 21	5940.0	NA	1.32	NA	G	1.17	
Omega_Serpentis	0	1	1	+02 11 47.44	4770	-0.24	12.30	NA	G8III	2.17	
omi_CrB	0	1	1	+29 36 58	4749	-0.29	10.5	NA	K0 III	2.13	
omi_UMa	0	1	1	+60 43 05	5242	-0.09	14.1	NA	G4 II-III	3.09	
Oph_11	0	1	1	-24 05 14	2838	NA	NA	NA	M7.25	0.051	
PH-2	1	1	1	+51 57 45.36	6529	-0.07	1.0	NA	NA	0.94	
POTS-1	0	1	1	-66 34 52.02	4400	-0.03	0.588	NA	K5V	0.695	
Pr0201	0	1	1	+20 13 36	6174	0.187	1.167	NA	F7.5	1.234	
Pr0211	0	1	1	+19 16 37	5326	0.187	0.868	NA	G9.3	0.92	
PSO_J318.5-22	0	0	1	+22 51 36	NA	NA	NA	NA	NA	NA	
PSR_1257_12	0	1	3	+12 40 56	5700.0	NA	NA	NA	NA	NA	
PSR_1719-14	0	1	1	-14 38 01	5700.0	NA	0.000028735632	NA	NA	1.4	
Qatar-1	0	1	1	+65 09 43	4910	0.2	0.80	4.5	K	0.85	
Qatar-2	0	1	1	-06 48 14	4645.0	NA	0.713	NA	K	0.74	
Rho_Coronae_Borealis	0	1	1	+33 18 12.63	5823	NA	NA	NA	NA	1.00	
ROXs_12	1	1	1	-25 27 24	3850	NA	NA	0.0076	M0	0.87	
SAND364	0	1	1	+11 41 33	4284	-0.02	21.8	NA	K3III	1.35	
Sun	3	1	9	NA	5778	0.00000001	1	4.57	G2V	1	
SWEEPS-11	0	1	1	-29 11 54	NA	NA	1.45	NA	NA	1.1	
SWEEPS-4	0	1	1	-29 11 21	NA	NA	1.18	NA	NA	1.24	
tau_Ceti	1	1	5	-15 56 15	NA	-0.55	0.798	5.8	G8.5 V	0.783	
tau_Gem	0	1	1	+30 14 43	4388	0.14	26.8	1.22	K2III	2.3	
TrES-1	0	1	1	+36 37 57	5250	0.001	0.85	NA	K0V	0.88	
TrES-3	0	1	1	+37 32 46	5720	0.001	0.85	NA	K0V	0.88	
TrES-5	0	1	1	+59 26 55	5171	0.20	0.85	7.38	K0V	0.88	
TYC_1422-614-1	1	1	2	+19 33 30.47	4806	0.15	6.85	9.77	K2	1.15	
UScoCTIO_108	0	1	1	-18 18 43	2700	NA	NA	NA	M7	0.057	
UZ_For(ab)	0	1	1	-25 44 22	5700.0	NA	NA	NA	Catac. var.	0.84	
V391_Peg	0	1	1	+26 25 08	29300.0	NA	0.23	NA	sdB	0.5	
WASP-100	0	1	1	-64 01 37	6900	-0.03	2	NA	F2	1.57	
WASP-101	0	1	1	-23 29 10	6400	0.2	1.29	0.9	F6	1.34	
WASP-103	0	1	1	+07 11 00	6110	0.06	1.419	NA	F8V	1.204	
WASP-104	0	1	1	+07 26 06	5475	0.32	0.963	3	G8	1.076	
WASP-106	0	1	1	-05 04 46	6055	-0.09	1.393	7	F9	1.192	
WASP-108	0	1	1	-49 38 22.8	6000	0.05	1.215	6.4	F9	1.167	
WASP-109	0	1	1	-16 24 38.8	6520	-0.22	1.346	2.6	F4	0.91	
WASP-10	0	1	1	+31 27 46	4675.0	0.03	0.783	NA	K5	0.71	
WASP-110	0	1	1	-44 03 30.3	5400	-0.06	0.881	8.6	G9	0.892	
WASP-111	0	1	1	-22 36 45.2	6400	0.08	1.85	2.6	F5	1.5	
WASP-112	0	1	1	-35 09 13.9	5610	-0.64	1.002	10.6	G6	0.807	
WASP-117	0	1	1	-50 17 04.354	6040	-0.11	1.17	4.6	F9	1.126	
WASP-13	0	1	1	+33 52 57	5989	0.0	1.559	NA	G1V	1.187	
WASP-15	0	1	1	-32 09 35	6300.0	-0.17	1.477	NA	F7	1.18	
WASP-16	0	1	1	-20 16 32	5550.0	0.01	0.946	NA	G3V	1.022	
WASP-17	0	1	1	-28 03 42	6650.0	-0.19	1.572	NA	F4	1.306	
WASP-18	0	1	1	-45 40 40	6400.0	NA	1.23	NA	F6	1.24	
WASP-19	0	1	1	-45 39 33	5500.0	0.02	0.99	NA	G8V	0.97	
WASP-20	0	1	1	-23 56 08.567	5950	-0.009	1.392	7	F9	1.202	
WASP-21	0	1	1	+18 23 46	5800	-0.46	1.136	NA	G3V	0.890	
WASP-22	0	1	1	-23 49 11	6000.0	-0.05	1.13	NA	G	1.1	
WASP-23	0	1	1	-42 45 43	5150.0	NA	0.765	NA	K1V	0.78	
WASP-24	0	1	1	+02 20 36	6075.0	0.07	1.147	NA	F8-9	1.129	
WASP-25	0	1	1	-27 31 20	5750.0	-0.05	0.95	NA	G4	1	
WASP-26	0	1	1	-15 16 02	5950.0	-0.02	1.34	NA	G0	1.12	
WASP-28	0	1	1	-01 34 57	6150	-0.29	1.094	5	F8	1.021	
WASP-29	0	1	1	-39 54 24	4800.0	0.11	0.846	NA	K4V	0.825	
WASP-31	0	1	1	-19 03 17	6200.0	-0.19	1.24	NA	F	1.16	
WASP-32	0	1	1	+01 12 02	6100.0	-0.13	1.09	2.42	G	1.1	
WASP-33	0	1	1	+37 33 02	7400.0	0.1	1.444	NA	A5	1.495	
WASP-34	0	1	1	-23 51 38	5700.0	-0.02	0.93	NA	G5	1.01	
WASP-35	0	1	1	-06 13 47	5990	-0.15	1.09	NA	G0	1.07	
WASP-36	0	1	1	-08 01 37	5881.0	-0.31	0.943	NA	G2	1.02	
WASP-37	0	1	1	+01 03 54	5800.0	-0.4	0.977	NA	G2	0.849	
WASP-38	0	1	1	+10 01 57	6150.0	-0.12	1.35	3.41	F8	1.23	
WASP-39	0	1	1	-03 26 40	5400.0	-0.12	0.895	NA	G8	0.93	
WASP-41	0	1	1	-30 38 24	5450.0	-0.08	1.01	NA	G8V	0.95	
WASP-42	0	1	1	-42 04 25	5200	0.05	0.863	NA	K1	0.884	
WASP-43	0	1	1	-09 48 23	4520.0	-0.01	0.667	NA	K7V	0.717	
WASP-44	0	1	1	-11 56 17	5410.0	0.06	0.865	4.1	G8V	0.917	
WASP-45	0	1	1	-35 59 54	5140.0	0.36	0.945	NA	K2V	0.909	
WASP-46	0	1	1	-55 52 18	5620.0	-0.37	0.917	NA	G6V	0.956	
WASP-47	0	1	1	-12 01 08	5400.0	0.18	1.15	NA	G9V	1.084	
WASP-48	0	1	1	+55 28 23	5920	-0.12	1.75	NA	NA	1.19	
WASP-49	0	1	1	-16 57 55	5600	-0.23	0.976	NA	G6	0.938	
WASP-4	0	1	1	-42 03 41	5500.0	-0.03	1.15	NA	G8	0.93	
WASP-50	0	1	1	-10 53 53	5400.0	-0.12	0.84	NA	G9	0.89	
WASP-52	0	1	1	+08 45 41	5000.0	0.03	0.79	NA	K2V	0.87	
WASP-53	0	1	1	NA	5700.0	NA	NA	NA	NA	NA	
WASP-54	0	1	1	-00 07 41	6100	-0.27	1.40	NA	F9	1.15	
WASP-55	0	1	1	-17 30 13	5900.0	-0.2	1.06	NA	G1	1.01	
WASP-56	0	1	1	+23 03 20	5600	NA	0.99	NA	G6	1.03	
WASP-57	0	1	1	-02 03 27	5600	NA	1.32	NA	G6	1.01	
WASP-58	0	1	1	+45 10 19	5800	-0.45	1.17	NA	G2V	0.94	
WASP-59	0	1	1	+24 53 21.4	4650	-0.15	0.613	NA	K5V	0.719	
WASP-5	0	1	1	-41 16 38	5700.0	0.09	1.084	NA	G5	1	
WASP-60	0	1	1	+31 09 21.44	5900	-0.04	0.86	NA	G1V	0.514	
WASP-61	0	1	1	-26 03 15.0	6250.0	-0.1	1.36	NA	F7	1.22	
WASP-62	0	1	1	-63 59 18.3	6230.0	0.04	1.28	NA	F7	1.25	
WASP-63	0	1	1	-38 19 23.8	5570.0	0.08	1.88	NA	G8	1.32	
WASP-64	0	1	1	-32 51 30	5400	-0.08	1.03	NA	G7	0.98	
WASP-65	0	1	1	+08 31 23	5600	-0.07	1.01	NA	G6	0.93	
WASP-66	0	1	1	-34 59 23	6600.0	-0.31	1.75	NA	F4	1.3	
WASP-67	0	1	1	-19 56 58	5200.0	-0.07	0.87	NA	K0V	0.87	
WASP-68	0	1	1	-19 18 52	5911	0.22	1.69	NA	G0	1.24	
WASP-69	0	1	1	-05 05 40	4715	0.15	0.813	2	K5	0.826	
WASP-6	0	1	1	-22 40 26	5450.0	-0.2	0.87	NA	G8	0.888	
WASP-71	0	1	1	+00 45 32	6050	NA	2.26	NA	F8	1.559	
WASP-72	0	1	1	-30 10 08	6250	-0.06	1.37	NA	F7	1.23	
WASP-73	0	1	1	-58 08 56	6036	0.14	2.07	NA	F9	1.34	
WASP-74	0	1	1	-01 04 32.6	5990	0.39	1.64	2.0	F9	1.48	
WASP-75	0	1	1	-10 40 32	6100	0.07	1.26	NA	F9	1.14	
WASP-76	0	1	1	+02 42 02	6250	0.23	1.73	NA	F7	1.46	
WASP-78	0	1	1	-22 06 59	6100.0	-0.35	2.31	NA	F8	2.02	
WASP-79	0	1	1	-30 36 02	6600.0	0.03	1.64	NA	F3	1.56	
WASP-7	0	1	1	-39 13 31	6400.0	NA	1.432	NA	F5V	1.276	
WASP-80	0	1	1	-02 08 44	4145	-0.14	0.571	NA	K7V	0.57	
WASP-82	0	1	1	+01 53 38	6490	0.12	2.18	NA	F5	1.63	
WASP-83	0	1	1	-19 17 03.4	5480	0.29	1.05	5	G8	1.11	
WASP-84	0	1	1	+01 51 36	5280	0.09	0.768	1	K0	0.854	
WASP-87	0	1	1	-52 50 27.0	6450	-0.41	1.627	3.8	F5	1.204	
WASP-88	0	1	1	-48 27 43	6431	-0.08	2.08	NA	F6	1.45	
WASP-89	0	1	1	-18 58 16.1	4955	0.15	0.88	1.3	K3	0.92	
WASP-90	0	1	1	+07 03 24	6430	0.11	1.98	NA	F6	1.55	
WASP-95	0	1	1	-48 00 11	5630	0.14	1.13	3	G2	1.11	
WASP-96	0	1	1	-47 21 38	5540	0.14	1.05	8	G8	1.06	
WASP-97	0	1	1	-55 46 19	5640	0.23	1.06	11.9	G5	1.12	
WASP-98	0	1	1	-34 19 41	5525	-0.60	0.7		G7	0.69	
WASP-99	0	1	1	-50 00 29	6180	0.21	1.76	1.4	F8	1.48	
WD_0806-661	0	1	1	-66 18 16.74	5700.0	NA	NA	NA	DQ D	0.62	
WTS-1	0	1	1	+36 17 46.76	6250	NA	1.15	NA	F	1.2	
WTS-2	0	1	1	+36 48 56	5000	0.2	0.752		K2V	0.82	
xi_Aql	0	1	1	+08 27 41	4780	-0.21	12	NA	K0 III	2.2	
XO-1	0	1	1	+28 10 11	5940.0	NA	0.928	NA	G1V	1	
XO-3	0	1	1	+57 49 01	6429.0	-0.177	1.377	NA	F5V	1.213	
XO-4	0	1	1	+58 16 05	5700.0	-0.04	1.55	NA	F5V	1.32	
XO-5	0	1	1	+39 05 41	5510.0	0.18	1.06	NA	G8V	0.88	
YBP1194	0	1	1	+11 48 53	5780	0.023	0.99	NA	G5V	1.01	
YBP1514	0	1	1	+11 53 12	5725	0.03	0.89	NA	G5V	0.96	
